<Ticker>,<DTYYYYMMDD>,<Open>,<High>,<Low>,<Close>,<Volume>
000001.SS,20180719,2791.0200,2805.0100,2764.4900,2772.5400,114500
AAA,20180719,16.1646,16.1646,15.8981,16.0757,1716660
AAM,20180719,7.2019,7.5150,7.1671,7.5150,2460
AAV,20180719,17.7654,17.8436,17.5306,17.7654,64300
ABC,20180719,5.5157,5.5157,5.5157,5.5157,20400
ABI,20180719,20.8668,21.5712,20.6907,20.9548,6320
ABR,20180719,5.8000,5.8000,5.8000,5.8000,0
ABT,20180719,30.8894,30.8894,30.8894,30.8894,20
AC4,20180719,3.0001,3.0001,3.0001,3.0001,0
ACB,20180719,14.9010,14.9010,14.4894,14.5716,6338767
ACC,20180719,10.9386,10.9386,10.9386,10.9386,0
ACE,20180719,17.0357,17.0357,17.0357,17.0356,6200
ACL,20180719,3.7930,4.0654,3.7930,4.0654,2850
ACM,20180719,0.8000,0.9000,0.8000,0.9000,673215
ACS,20180719,10.8434,10.8434,10.8434,10.8434,0
ACV,20180719,78.9145,79.2079,78.7189,78.9145,32830
ADC,20180719,14.6583,14.6583,14.6583,14.6583,0
ADP,20180719,9.2760,9.2760,9.2760,9.2760,0
ADS,20180719,11.8106,11.8106,11.5835,11.8106,16850
AFX,20180719,2.9398,2.9398,2.9398,2.9398,0
AG1,20180719,6.2501,6.2501,6.2501,6.2501,0
AGF,20180719,4.5000,4.5000,4.3800,4.3900,2970
AGM,20180719,7.7109,7.8822,7.7109,7.8823,2510
AGP,20180719,19.6105,19.6105,19.6105,19.6105,0
AGR,20180719,3.5200,3.6600,3.5200,3.5900,192080
AGX,20180719,24.8358,24.8358,24.8358,24.8359,400
ALT,20180719,10.1639,10.1639,10.1639,10.1639,0
ALV,20180719,4.3000,4.3000,4.2000,4.3000,9510
AMC,20180719,14.9825,14.9825,14.9825,14.9825,400
AMD,20180719,3.6500,3.7900,3.6400,3.6500,709570
AME,20180719,9.8249,9.8249,9.8249,9.8249,0
AMP,20180719,18.5000,18.5000,18.5000,18.5000,0
AMS,20180719,5.5730,5.5730,5.5730,5.5730,0
AMV,20180719,6.8967,6.8967,6.8967,6.8967,4700
ANT,20180719,7.8000,7.8000,7.8000,7.8000,0
ANV,20180719,16.1083,16.6197,16.0657,16.1509,489710
APC,20180719,31.9500,31.9500,30.7000,31.5000,8290
APF,20180719,19.7382,19.7382,19.7382,19.7382,1900
APG,20180719,4.8028,4.8456,4.6312,4.7513,318750
API,20180719,25.9439,26.1375,25.9439,26.1375,1100
APL,20180719,13.1655,13.1655,13.1655,13.1655,0
APP,20180719,7.3930,7.3930,7.3930,7.3930,0
APS,20180719,3.1000,3.1000,3.1000,3.1000,24500
ARM,20180719,37.4026,37.4026,37.4026,37.4026,200
ART,20180719,10.2000,10.4000,10.2000,10.4000,653600
ASA,20180719,1.3000,1.4000,1.3000,1.3000,75000
ASD,20180719,2.8000,2.8000,2.8000,2.8000,0
ASM,20180719,10.9438,11.2503,10.7687,11.2064,4749200
ASP,20180719,5.7332,5.7332,5.4580,5.4580,800
AST,20180719,46.0565,46.0565,45.0149,45.2381,54330
ATA,20180719,0.7000,0.7000,0.7000,0.7000,0
ATB,20180719,1.0000,1.1000,1.0000,1.1000,205600
ATG,20180719,1.3100,1.3500,1.3000,1.3500,593980
ATS,20180719,40.8000,40.9000,40.7000,40.7000,8200
AUD-X,20180719,1.3516,1.3516,1.3516,1.3516,0
AUDUSD,20180719,0.0000,0.0000,0.0000,0.7400,123326
AUM,20180719,10.4867,10.4867,10.4867,10.4867,0
AVC,20180719,23.4003,23.4003,23.0719,23.0719,1100
AVF,20180719,0.5000,0.5000,0.5000,0.5000,0
B82,20180719,1.3000,1.3000,1.3000,1.3000,0
BAB,20180719,18.8073,18.8073,18.7156,18.7156,20100
BAL,20180719,33.6675,33.6675,33.6675,33.6675,0
BAX,20180719,14.9361,14.9361,14.9361,14.9361,0
BBC,20180719,68.9208,69.6189,67.9234,68.8211,340
BBM,20180719,8.9691,8.9691,8.9691,8.9691,0
BBS,20180719,10.7120,10.7120,10.7120,10.7120,0
BBT,20180719,15.1000,16.5000,15.1000,16.0000,64515
BCC,20180719,5.7143,5.7143,5.6250,5.7143,28000
BCE,20180719,3.9946,4.0547,3.9796,3.9871,21120
BCG,20180719,4.2457,4.2457,4.0871,4.2230,17080
BCM,20180719,14.4849,14.4849,14.4849,14.4849,28300
BCP,20180719,9.8369,9.8369,9.8369,9.8369,0
BDB,20180719,3.3065,3.3065,3.3065,3.3065,0
BDG,20180719,20.0783,20.0783,20.0783,20.0783,0
BDT,20180719,7.9061,7.9061,7.9061,7.9061,0
BDW,20180719,8.4375,8.4375,8.4375,8.4375,0
BED,20180719,27.9694,27.9694,27.9694,27.9694,0
BEL,20180719,6.0955,6.0955,6.0955,6.0955,0
BFC,20180719,20.6446,20.6446,20.3661,20.5253,6120
BGW,20180719,9.4719,9.4719,9.4719,9.4719,0
BHA,20180719,18.3940,18.3940,18.3940,18.3940,0
BHC,20180719,2.0000,2.0000,2.0000,2.0000,0
BHK,20180719,11.1522,11.1522,11.1522,11.1522,0
BHN,20180719,76.1631,81.0361,72.2827,81.0361,3630
BHP,20180719,8.5972,8.5972,8.5972,8.5972,0
BHT,20180719,4.8000,4.8000,4.8000,4.8000,0
BIC,20180719,26.8185,26.8651,26.6785,26.8651,8000
BID,20180719,25.1429,25.3364,24.6594,24.9496,3344910
BII,20180719,0.8000,0.8000,0.8000,0.8000,0
BKC,20180719,8.5000,8.5000,8.5000,8.5000,0
BLF,20180719,3.4000,3.4000,3.4000,3.4000,1100
BLI,20180719,5.1839,5.1839,4.9617,5.1839,1100
BLN,20180719,6.8212,6.8212,6.8212,6.8212,0
BLT,20180719,15.1622,15.1622,15.1622,15.1622,0
BMC,20180719,11.7849,11.7849,11.0813,11.2572,6240
BMD,20180719,5.9095,5.9095,5.9095,5.9095,0
BMF,20180719,28.4030,28.4030,28.4030,28.4030,0
BMI,20180719,16.1662,16.1662,16.0820,16.1662,136210
BMJ,20180719,4.1728,4.1728,4.1728,4.1728,0
BMN,20180719,5.5676,5.5676,5.5676,5.5676,0
BMP,20180719,40.3462,41.1696,40.1965,40.8702,164220
BMV,20180719,9.9522,9.9522,9.9522,9.9522,0
BPC,20180719,16.4460,16.4460,16.4460,16.4460,50
BPW,20180719,9.9890,9.9890,9.9890,9.9890,0
BQB,20180719,7.0000,7.0000,7.0000,7.0000,0
BRC,20180719,7.8909,7.8909,7.8909,7.8909,30
BRL-X,20180719,3.8492,3.8492,3.8492,3.8492,0
BRR,20180719,8.9627,8.9627,8.9627,8.9627,0
BRS,20180719,8.8922,8.8922,8.8922,8.8922,0
BSC,20180719,13.9257,13.9257,13.9257,13.9257,0
BSD,20180719,31.0621,31.0621,31.0621,31.0621,0
BSG,20180719,6.9122,6.9122,6.9122,6.9122,200
BSH,20180719,20.3663,20.3663,20.3663,20.3663,0
BSI,20180719,9.8068,9.8068,9.4552,9.4552,226610
BSL,20180719,12.3759,12.3759,12.3759,12.3759,0
BSP,20180719,14.2157,14.2157,14.2157,14.2158,1000
BSQ,20180719,17.0764,17.0764,17.0764,17.0764,0
BSR,20180719,15.2000,16.7000,15.0000,15.8000,2465232
BST,20180719,15.6008,15.6008,15.6008,15.6008,0
BT1,20180719,12.7729,12.7729,12.7729,12.7729,0
BT6,20180719,4.6000,4.6000,4.6000,4.6000,0
BTB,20180719,10.0000,10.0000,10.0000,10.0000,0
BTCUSD,20180719,0.0000,0.0000,0.0000,7384.7500,34567
BTCUSD-X,20180719,7466.8599,7466.8599,7466.8599,7466.8599,0
BTD,20180719,11.1351,11.1351,11.1351,11.1351,0
BTG,20180719,5.4501,5.4501,5.4501,5.4501,0
BTH,20180719,5.2000,5.2000,5.2000,5.2000,0
BTN,20180719,3.8938,3.8938,3.8938,3.8938,100
BTP,20180719,9.3491,9.4270,9.1153,9.3491,67320
BTR,20180719,4.4537,4.4537,4.4537,4.4537,0
BTS,20180719,4.6602,4.6602,4.6602,4.6602,0
BTT,20180719,30.2766,30.2766,30.2766,30.2767,10
BTU,20180719,5.8197,5.8197,5.8197,5.8197,0
BTV,20180719,23.7031,23.7031,23.7031,23.7031,0
BTW,20180719,11.4778,11.4778,11.4778,11.4778,0
BUD,20180719,6.5586,6.5586,6.5586,6.5586,100
BVG,20180719,1.4000,1.4000,1.4000,1.4000,0
BVH,20180719,70.6352,74.8579,70.6352,72.4587,211380
BVN,20180719,13.6107,13.6107,13.6107,13.6107,0
BVS,20180719,14.3941,15.8335,13.9707,15.8336,79000
BWA,20180719,20.4238,20.4238,20.4238,20.4238,0
BWE,20180719,15.9098,16.9884,14.8312,16.5390,365000
BWS,20180719,18.4699,18.4699,18.4699,18.4699,0
BXH,20180719,8.0937,8.0937,8.0937,8.0937,0
C12,20180719,13.4000,13.4000,13.4000,13.4000,3000
C21,20180719,16.9391,16.9391,16.9391,16.9391,2200
C22,20180719,20.0766,20.0766,20.0766,20.0766,0
C32,20180719,18.1666,19.3677,18.0915,19.3677,57720
C36,20180719,11.1154,11.1154,11.1154,11.1154,0
C47,20180719,7.7309,7.8936,7.3321,7.6901,12580
C69,20180719,4.0961,4.0961,4.0961,4.0961,0
C71,20180719,10.1333,10.1333,10.1333,10.1333,0
C92,20180719,5.5000,5.5000,5.5000,5.5000,0
CAD,20180719,0.7000,0.7000,0.7000,0.7000,0
CAD-X,20180719,1.3168,1.3168,1.3168,1.3168,0
CAG,20180719,105.0514,105.0514,105.0514,105.0514,0
CAN,20180719,27.3822,27.3822,27.3822,27.3822,0
CAP,20180719,28.5970,30.6863,28.4011,30.5557,50902
CAT,20180719,4.3659,4.3659,4.3659,4.3659,0
CAV,20180719,39.7903,41.6170,39.7903,41.6171,169580
CBI,20180719,9.0000,10.5000,9.0000,10.5000,200
CBS,20180719,10.8000,10.8000,10.8000,10.8000,0
CC1,20180719,13.6081,13.6081,13.6081,13.6081,300
CC4,20180719,9.5000,9.5000,9.5000,9.5000,1000
CCH,20180719,9.5003,9.5003,9.5003,9.5003,0
CCI,20180719,10.6629,10.6629,10.6629,10.6629,150
CCL,20180719,2.8461,2.8867,2.7647,2.8460,104020
CCM,20180719,22.1460,22.1460,22.1460,22.1460,0
CCP,20180719,28.0000,28.0000,28.0000,28.0000,0
CCR,20180719,30.3102,30.3102,30.3102,30.3102,0
CCT,20180719,10.0000,10.0000,10.0000,10.0000,0
CCV,20180719,29.1165,29.1165,29.1165,29.1165,0
CDC,20180719,9.9851,9.9851,9.9851,9.9851,30
CDG,20180719,8.8283,8.8283,8.8283,8.8283,0
CDH,20180719,4.1329,4.1329,4.1329,4.1329,0
CDN,20180719,13.7425,13.7425,13.7425,13.7425,0
CDO,20180719,0.8900,0.8900,0.8900,0.8900,0
CDP,20180719,14.3897,14.3897,12.0842,13.7537,2300
CDR,20180719,8.9154,8.9154,8.9154,8.9154,0
CE1,20180719,5.7780,5.7780,5.7780,5.7780,0
CEC,20180719,6.4000,6.4000,6.4000,6.4000,0
CEE,20180719,18.1500,18.8000,18.0000,18.8000,22000
CEG,20180719,7.0508,7.0508,7.0508,7.0508,0
CEN,20180719,69.6701,69.6701,69.6701,69.6701,1500
CEO,20180719,10.8103,10.8948,10.5569,10.5569,682617
CET,20180719,2.7000,2.7000,2.7000,2.7000,0
CFC,20180719,5.0275,5.0275,5.0275,5.0275,0
CGV,20180719,2.3000,2.3000,2.3000,2.3000,0
CH5,20180719,7.4056,7.4056,7.4056,7.4056,0
CHC,20180719,1.3818,1.3818,1.3818,1.3818,0
CHP,20180719,19.5439,19.5439,19.2528,19.5439,23020
CHS,20180719,6.8641,6.8641,6.8641,6.8641,500
CI5,20180719,10.7040,10.7040,10.7040,10.7040,10
CIA,20180719,23.5095,23.7370,22.0686,23.7370,20236
CID,20180719,2.8000,2.8000,2.8000,2.8000,0
CIG,20180719,3.9100,3.9100,3.8500,3.9000,119760
CII,20180719,26.0619,26.8660,26.0619,26.7714,518590
CIP,20180719,7.5000,7.5000,7.5000,7.5000,0
CJC,20180719,20.1502,20.1502,20.1502,20.1502,0
CKD,20180719,8.9286,8.9286,8.9286,8.9286,0
CKH,20180719,1.4143,1.4143,1.4143,1.4143,0
CKV,20180719,18.2189,18.2189,18.2189,18.2189,0
CL-F,20180719,69.0000,70.1700,67.8000,69.4600,187313
CLC,20180719,21.9941,21.9941,21.3874,21.6149,4600
CLG,20180719,3.1000,3.1500,3.1000,3.1400,210
CLH,20180719,9.3276,9.3276,9.3276,9.3276,0
CLL,20180719,24.3434,24.3434,24.3434,24.3434,0
CLM,20180719,11.7803,11.7803,11.7803,11.7803,0
CLW,20180719,16.0637,16.0637,16.0637,16.0637,0
CLX,20180719,9.8961,9.8961,9.8961,9.8961,800
CMC,20180719,5.1000,5.1000,5.1000,5.1000,0
CMF,20180719,115.5156,115.5156,115.5156,115.5156,0
CMG,20180719,18.2576,18.3406,18.0086,18.0087,20900
CMI,20180719,1.1000,1.1000,1.1000,1.1000,0
CMK,20180719,7.4998,7.4998,7.4998,7.4998,0
CMN,20180719,35.2482,35.2482,35.2482,35.2482,0
CMP,20180719,8.2414,8.2414,8.2414,8.2414,0
CMS,20180719,2.9700,2.9700,2.9700,2.9700,0
CMT,20180719,9.4501,9.4501,9.4501,9.4501,0
CMV,20180719,14.9019,14.9019,14.9019,14.9019,0
CMW,20180719,10.9137,10.9137,10.9137,10.9137,0
CMX,20180719,3.6916,3.7138,3.5439,3.5809,18520
CNC,20180719,19.2459,19.2459,19.2459,19.2459,0
CNG,20180719,22.6565,23.0611,21.7664,21.8474,86020
CNN,20180719,12.0081,12.0081,12.0081,12.0081,0
CNT,20180719,2.7000,2.7000,2.7000,2.7000,0
CNY-X,20180719,6.7177,6.7177,6.7177,6.7177,0
COM,20180719,46.4686,46.4686,46.4686,46.4686,0
CPC,20180719,29.0800,29.0800,29.0800,29.0800,0
CPH,20180719,1.8243,1.8243,1.8243,1.8243,0
CPI,20180719,1.6000,1.6000,1.6000,1.6000,0
CQT,20180719,2.7000,2.7000,2.7000,2.7000,0
CSC,20180719,9.3357,9.8727,9.3357,9.8726,200
CSM,20180719,12.5783,12.7191,12.4375,12.5314,175640
CSV,20180719,21.9620,21.9620,21.2733,21.8090,69500
CT3,20180719,5.1319,5.1319,5.1319,5.1319,0
CT6,20180719,5.0000,5.0000,5.0000,5.0000,0
CTA,20180719,0.5000,0.5000,0.5000,0.5000,0
CTB,20180719,22.3283,24.0570,22.3283,24.0569,700
CTC,20180719,4.3000,4.3000,4.3000,4.3000,0
CTD,20180719,135.7872,137.4133,134.6127,136.8713,176010
CTF,20180719,8.3257,9.0195,8.3257,9.0195,2170
CTG,20180719,24.1546,24.5983,23.9575,24.0560,6561280
CTI,20180719,25.4537,25.7049,24.4489,25.5374,205910
CTN,20180719,0.7000,0.7000,0.7000,0.7000,0
CTP,20180719,4.3636,4.4545,4.2727,4.4545,1800
CTR,20180719,11.5987,12.1600,11.2246,11.8326,19300
CTS,20180719,8.4044,8.6914,8.2814,8.6094,191500
CTT,20180719,7.2847,7.2847,7.2847,7.2847,0
CTW,20180719,4.8381,4.8381,4.8381,4.8381,0
CTX,20180719,8.2827,9.0174,8.2827,9.0174,200
CVH,20180719,10.6997,10.6997,10.6997,10.6997,0
CVN,20180719,2.7429,2.7429,2.5515,2.7429,27000
CVT,20180719,20.6440,21.5501,20.3682,20.8015,1089570
CX8,20180719,8.6310,8.6310,8.6310,8.6310,0
CXH,20180719,6.9565,6.9565,6.9565,6.9565,0
CYC,20180719,1.6000,1.6000,1.6000,1.6000,220
D11,20180719,10.6676,10.6676,8.8484,8.8484,4200
D2D,20180719,20.0128,20.0128,19.6787,19.6787,56380
DAC,20180719,13.0000,13.0000,13.0000,13.0000,0
DAD,20180719,13.0857,13.0857,13.0857,13.0857,0
DAE,20180719,12.8475,12.8475,12.8475,12.8474,300
DAG,20180719,6.8380,6.9080,6.7369,6.8846,601650
DAH,20180719,5.3432,5.4790,5.3251,5.4338,261040
DAP,20180719,18.1701,18.1701,18.1701,18.1701,0
DAR,20180719,9.0528,9.0528,9.0528,9.0528,0
DAS,20180719,3.6351,3.6351,3.6351,3.6351,0
DAT,20180719,17.0952,17.0952,17.0952,17.0952,0
DBC,20180719,16.8921,16.9600,16.6208,16.8921,16723
DBD,20180719,34.7965,35.1263,34.6316,34.8790,44460
DBH,20180719,8.9680,8.9680,8.9680,8.9680,0
DBM,20180719,10.8173,10.8173,10.8173,10.8173,0
DBT,20180719,10.2446,10.2446,10.2446,10.2446,0
DBW,20180719,10.0000,10.0000,10.0000,10.0000,0
DC1,20180719,5.3649,5.3649,5.3649,5.3649,100
DC2,20180719,8.1997,8.1997,8.1997,8.1997,0
DC4,20180719,9.1096,9.1096,9.1096,9.1096,0
DCF,20180719,7.0251,7.0251,7.0251,7.0251,0
DCH,20180719,9.1758,9.1758,9.1758,9.1758,0
DCI,20180719,0.9286,0.9286,0.9286,0.9286,0
DCL,20180719,14.0000,14.0000,14.0000,14.0000,2160
DCM,20180719,8.2073,8.2073,8.0901,8.1291,170280
DCS,20180719,1.1000,1.1000,1.0000,1.0000,46100
DCT,20180719,1.2000,1.2000,1.2000,1.2000,0
DDH,20180719,5.8354,5.8354,5.8354,5.8354,0
DDM,20180719,1.1000,1.1000,1.1000,1.1000,0
DDN,20180719,9.9306,9.9306,9.9306,9.9306,0
DDV,20180719,6.9000,7.0000,6.9000,7.0000,19200
DFC,20180719,29.8708,29.8708,29.8708,29.8708,0
DGC,20180719,18.4606,18.5774,18.4021,18.5774,13020
DGT,20180719,14.5000,14.5000,14.5000,14.5000,0
DGW,20180719,22.0184,22.0184,21.2525,21.5397,343140
DHA,20180719,21.6358,22.7618,21.6358,22.5205,23840
DHB,20180719,1.4000,1.4000,1.4000,1.4000,0
DHC,20180719,23.7540,23.7540,22.4717,22.5938,24050
DHD,20180719,23.7662,23.7662,19.5021,19.5648,1100
DHG,20180719,90.9902,92.6851,90.5442,91.4363,377100
DHM,20180719,2.2800,2.4300,2.2800,2.4000,59110
DHN,20180719,6.9275,6.9275,6.9275,6.9275,0
DHP,20180719,8.9585,8.9585,8.9585,8.9585,0
DHT,20180719,29.7022,29.7827,29.3802,29.7022,3300
DIC,20180719,5.1900,5.1900,5.1900,5.1900,2010
DID,20180719,3.9000,3.9000,3.9000,3.9000,0
DIG,20180719,9.9882,10.6024,10.0205,10.6024,2343330
DIH,20180719,13.0513,14.9914,13.0513,14.9914,7700
DL1,20180719,37.3000,37.5000,36.8000,37.5000,20800
DLD,20180719,10.0000,10.0000,10.0000,10.0000,0
DLG,20180719,2.5334,2.5905,2.4762,2.5905,1011320
DLR,20180719,11.0000,11.0000,10.5000,10.5000,200
DLT,20180719,7.0021,7.0021,7.0021,7.0021,0
DMC,20180719,76.1224,79.6075,76.0307,79.6076,310
DNA,20180719,15.7445,15.7445,13.5304,13.5304,12600
DNC,20180719,15.7924,15.7924,15.7924,15.7924,0
DND,20180719,17.5228,17.5228,17.5228,17.5228,0
DNE,20180719,5.7932,5.7932,5.7932,5.7932,400
DNH,20180719,16.0712,16.0712,16.0712,16.0712,0
DNL,20180719,9.2014,9.2014,9.2014,9.2014,0
DNM,20180719,13.0000,13.0000,13.0000,13.0000,0
DNN,20180719,0.2068,0.2068,0.2068,0.2068,0
DNP,20180719,14.7000,14.7000,14.3000,14.6000,20100
DNR,20180719,5.3188,5.3188,5.3188,5.3188,800
DNS,20180719,11.0497,11.0497,11.0497,11.0497,0
DNW,20180719,10.4113,10.4113,10.4113,10.4114,3000
DNY,20180719,5.0000,5.0000,5.0000,5.0000,9
DOC,20180719,9.8161,9.8161,9.8161,9.8161,0
DOGE-USD,20180719,0.0037,0.0040,0.0035,0.0038,25349600
DOP,20180719,6.6910,6.6910,6.6910,6.6910,0
DP1,20180719,9.7911,9.7911,9.7911,9.7911,0
DP2,20180719,9.1000,9.1000,9.1000,9.1000,0
DP3,20180719,56.1195,57.9298,55.0333,57.9298,11700
DPC,20180719,15.8538,15.8538,15.8538,15.8538,0
DPG,20180719,23.7268,23.7268,22.0672,22.0671,135660
DPH,20180719,21.2065,21.2065,21.2065,21.2065,0
DPM,20180719,14.9539,15.0379,14.7439,14.7859,716790
DPP,20180719,11.7551,11.7551,11.7551,11.7551,0
DPR,20180719,24.7844,24.7844,24.4658,24.4658,20890
DPS,20180719,0.9000,1.0000,0.8000,1.0000,1658326
DQC,20180719,26.4474,26.4474,25.6078,26.0276,13230
DRC,20180719,20.7739,20.9414,20.3551,20.6901,468390
DRH,20180719,14.8000,15.0000,14.5000,15.0000,358220
DRI,20180719,5.5953,5.6776,5.5953,5.5953,66401
DRL,20180719,39.1498,39.1498,39.1498,39.1498,260
DS3,20180719,4.3034,4.5616,3.8730,4.4756,1790800
DSC,20180719,50.6873,50.6873,42.5649,49.2034,3614
DSG,20180719,10.0000,10.0000,10.0000,10.0000,0
DSN,20180719,40.7800,41.3956,40.7800,41.3956,2130
DSS,20180719,5.7710,5.7710,5.7710,5.7710,0
DST,20180719,2.1000,2.2000,2.1000,2.2000,298500
DSV,20180719,4.5796,4.5796,4.5796,4.5796,1000
DT4,20180719,7.4701,7.4701,7.4701,7.4701,0
DTA,20180719,6.2000,6.3810,6.2000,6.2000,2990
DTC,20180719,19.7000,19.7000,19.7000,19.7000,0
DTD,20180719,11.0368,11.3292,10.9637,11.2561,188300
DTG,20180719,11.9636,11.9636,11.9636,11.9635,100
DTI,20180719,11.5607,11.5607,11.5607,11.5607,0
DTK,20180719,10.1431,10.1431,10.1431,10.1431,0
DTL,20180719,42.0000,42.0000,42.0000,42.0000,0
DTT,20180719,12.9972,12.9972,12.9972,12.9972,10
DTV,20180719,11.5652,11.5652,11.5652,11.5652,0
DVC,20180719,8.1788,8.1788,8.1788,8.1788,0
DVN,20180719,12.8339,13.0227,12.4565,12.8339,147620
DVP,20180719,37.4371,37.4371,37.0430,37.4370,190
DVW,20180719,15.2265,15.2265,15.2265,15.2265,0
DX2,20180719,10.1000,10.1000,10.1000,10.1000,0
DXG,20180719,19.4591,19.8129,19.0267,19.6949,3735470
DXL,20180719,2.7000,2.7000,2.7000,2.7000,0
DXP,20180719,11.7000,11.7000,11.2000,11.6000,1090
DXV,20180719,3.4578,3.4578,3.4578,3.4578,0
DZM,20180719,2.6000,2.6000,2.6000,2.6000,0
E1VFVN30,20180719,15.5000,15.5200,15.2500,15.4100,5480
EAD,20180719,16.5351,16.5351,16.5351,16.5351,0
EBS,20180719,6.7383,6.7383,6.7383,6.7383,0
ECI,20180719,9.2098,9.2098,9.2098,9.2098,0
EFI,20180719,3.0000,3.0000,3.0000,3.0000,0
EIB,20180719,14.2000,14.2000,14.0000,14.0500,142510
EIC,20180719,8.2229,8.2229,8.2229,8.2229,0
EID,20180719,10.1344,10.1344,10.1344,10.1344,200
EIN,20180719,3.2000,3.2000,3.2000,3.2000,800
ELC,20180719,9.2500,9.2500,8.9500,9.1000,42360
EMC,20180719,12.0885,12.0885,12.0885,12.0885,0
EME,20180719,16.5686,16.6554,16.5686,16.6554,10000
EMG,20180719,14.2147,14.2147,14.2147,14.2147,0
EMS,20180719,18.9901,19.0461,18.4859,18.4860,500
EPH,20180719,5.4119,5.4119,5.4119,5.4119,0
ETHUSD-X,20180719,480.6280,465.1420,483.2400,469.6190,206873996800
EUR-X,20180719,0.8587,0.8587,0.8587,0.8587,0
EURUSD,20180719,0.0000,0.0000,0.0000,1.1600,186773
EVE,20180719,12.8094,13.2511,12.8094,13.1708,76980
EVG,20180719,4.8601,4.8877,4.7501,4.7960,976550
FBA,20180719,0.9000,0.9000,0.9000,0.9000,0
FBC,20180719,5.4895,5.4895,5.4895,5.4895,0
FCC,20180719,11.0000,11.0000,11.0000,11.0000,0
FCM,20180719,4.8215,5.0445,4.8215,5.0445,1140
FCN,20180719,12.5106,12.6660,12.2775,12.2775,184490
FCS,20180719,9.0000,9.0000,9.0000,9.0000,0
FDC,20180719,16.5000,16.5000,16.5000,16.5000,20
FDG,20180719,1.2000,1.2000,1.2000,1.2000,0
FHN,20180719,36.8920,36.8920,36.8920,36.8920,0
FID,20180719,2.0000,2.0000,2.0000,2.0000,0
FIT,20180719,4.1800,4.3600,4.1700,4.3600,310320
FLC,20180719,6.6442,6.7090,6.5536,5.0600,6298130
FMC,20180719,15.6382,16.0123,15.6382,15.8627,91610
FOX,20180719,30.5123,33.5037,30.5123,33.5038,1750
FPT,20180719,25.9224,26.3524,25.9224,26.1067,753150
FRM,20180719,6.2769,6.2769,6.2769,6.2769,0
FRT,20180719,63.0234,64.4967,58.9310,58.9310,23540
FSO,20180719,15.0000,15.0000,15.0000,15.0000,0
FT1,20180719,17.0888,17.0888,17.0888,17.0888,0
FTI,20180719,4.0000,4.0000,4.0000,4.0000,0
FTM,20180719,16.0000,16.1500,15.9000,16.1500,660440
FTS,20180719,9.2923,9.2923,9.1202,9.1202,4830
FUCTVGF1,20180719,11.3793,11.3793,11.3793,11.3793,0
FUCVREIT,20180719,7.1129,8.1160,7.1129,7.2953,160
FUESSV50,20180719,12.7600,12.8500,12.7600,12.8500,55520
G20,20180719,1.1000,1.1000,1.1000,1.1000,100
G36,20180719,3.5855,3.5855,3.5855,3.5855,0
GAS,20180719,73.8778,74.8452,73.2621,74.0537,455830
GBP-X,20180719,0.7646,0.7646,0.7646,0.7646,0
GBPJPY,20180719,0.0000,0.0000,0.0000,146.3400,271324
GBPUSD,20180719,0.0000,0.0000,0.0000,1.3000,204645
GC-F,20180719,1227.2000,1228.0000,1211.7000,1222.4000,67
GCB,20180719,4.5600,4.5600,4.5600,4.5600,0
GDT,20180719,31.0067,31.0067,30.6859,30.8642,6940
GDW,20180719,12.7125,12.7125,12.7125,12.7125,0
GEG,20180719,9.3456,9.3456,9.2779,9.3456,52900
GER,20180719,2.4129,2.4129,2.4129,2.4129,0
GEX,20180719,17.7818,17.9501,17.6696,17.9501,208010
GGG,20180719,0.5000,0.5000,0.5000,0.5000,0
GHC,20180719,20.8540,20.8540,20.8540,20.8540,0
GIL,20180719,21.8408,22.3589,21.8408,22.3044,26840
GKM,20180719,12.0635,12.3356,11.8821,12.3356,201400
GLT,20180719,52.4755,54.8873,52.4755,54.8873,200
GLW,20180719,13.2000,13.2000,13.2000,13.2000,0
GMC,20180719,18.7526,18.7526,18.7526,18.7526,10
GMD,20180719,21.5818,21.5818,21.2406,21.2405,453400
GMX,20180719,18.3719,18.3719,18.3719,18.3720,100
GND,20180719,19.4464,19.4464,19.4464,19.4465,500
GSM,20180719,12.0000,12.0000,12.0000,12.0000,0
GSP,20180719,8.0013,8.0674,7.9021,7.9682,7090
GTA,20180719,10.4779,10.4779,10.3260,10.3260,120
GTD,20180719,10.0000,10.0000,10.0000,10.0000,0
GTH,20180719,10.0328,10.0328,10.0328,10.0328,0
GTN,20180719,10.4500,10.5000,9.1600,9.1600,12247500
GTS,20180719,5.5928,5.5928,5.5928,5.5928,0
GTT,20180719,0.4000,0.4000,0.4000,0.4000,0
GVR,20180719,7.3236,7.4175,7.0419,7.4175,101800
GVT,20180719,5.7476,5.7476,5.7476,5.7476,0
H11,20180719,5.9000,5.9000,5.9000,5.9000,0
HAB,20180719,19.6546,19.6546,19.6546,19.6546,0
HAC,20180719,2.8786,2.9715,2.8786,2.8786,20700
HAD,20180719,23.3795,23.3795,23.3795,23.3795,3000
HAF,20180719,30.0408,30.0408,30.0408,30.0408,100
HAG,20180719,6.4000,6.5100,6.1500,6.2600,21446520
HAH,20180719,10.2362,10.3149,10.1574,10.1968,60220
HAI,20180719,3.6700,3.8000,3.6200,3.6200,1176200
HAM,20180719,15.9587,15.9587,15.9587,15.9587,0
HAN,20180719,9.5960,9.5960,9.5960,9.5960,0
HAP,20180719,2.8744,2.8980,2.7720,2.7720,86280
HAR,20180719,5.7000,5.7700,5.6000,5.7000,233290
HAS,20180719,6.6171,6.6171,6.6171,6.6171,960
HAT,20180719,30.0687,30.3193,29.2335,30.0687,1300
HAV,20180719,4.1000,4.1000,4.1000,4.1000,100
HAX,20180719,10.1200,10.7946,10.1200,10.7946,366900
HBC,20180719,20.5603,20.8251,20.2074,20.3838,1203260
HBD,20180719,8.7075,8.7075,8.7075,8.7075,0
HBE,20180719,7.5917,7.5917,7.5917,7.5917,0
HBH,20180719,3.2000,3.2000,3.2000,3.2000,0
HBS,20180719,2.5000,2.6000,2.5000,2.6000,7070
HBW,20180719,41.4506,41.4506,41.4506,41.4505,300
HC3,20180719,15.1306,15.1306,14.9996,14.9996,7000
HCC,20180719,9.6138,9.6739,9.5537,9.6738,2629
HCD,20180719,12.1696,12.2647,12.1221,12.2172,614040
HCI,20180719,4.7000,4.7000,4.7000,4.7000,0
HCM,20180719,23.1203,23.7153,22.7378,23.5878,530940
HCS,20180719,5.5123,5.5123,5.5123,5.5123,0
HCT,20180719,19.8748,19.8748,19.8748,19.8748,0
HD2,20180719,5.9594,6.1162,5.9594,6.0378,26600
HDA,20180719,9.7000,9.8000,9.6000,9.8000,7911
HDB,20180719,27.1458,27.7610,26.9919,26.9919,1856420
HDC,20180719,7.5200,7.6935,7.4621,7.6356,69220
HDG,20180719,16.2043,16.4845,15.6439,15.6439,88390
HDM,20180719,22.5461,22.5461,22.5461,22.5462,100
HDO,20180719,0.7000,0.8000,0.7000,0.8000,1300
HDP,20180719,9.2272,9.2272,9.2272,9.2272,0
HDW,20180719,8.4382,8.4382,8.4382,8.4382,0
HEC,20180719,22.1834,22.1834,22.1834,22.1834,1000
HEJ,20180719,12.6157,12.6157,12.6157,12.6157,0
HEM,20180719,7.9923,7.9923,7.9923,7.9923,0
HEP,20180719,7.8010,7.8010,7.8010,7.8010,0
HES,20180719,12.0657,12.0657,12.0657,12.0657,0
HEV,20180719,8.8874,8.8874,8.8108,8.8109,900
HFB,20180719,4.7285,4.7285,4.7285,4.7285,0
HFC,20180719,14.1509,14.1509,14.1509,14.1509,0
HFS,20180719,29.4000,29.4000,29.4000,29.4000,0
HFX,20180719,1.4000,1.4000,1.4000,1.4000,0
HGM,20180719,36.4123,36.4123,31.2340,36.1657,400
HGW,20180719,14.3824,14.3824,14.3824,14.3824,0
HHC,20180719,57.2000,57.2000,57.2000,57.2000,0
HHG,20180719,3.5000,3.5000,3.2000,3.2000,729781
HHN,20180719,10.8058,10.8058,10.8058,10.8058,0
HHR,20180719,0.6421,0.6421,0.6421,0.6421,0
HHS,20180719,3.5458,3.5734,3.4998,3.4997,642700
HHV,20180719,8.4490,8.4490,8.4490,8.4490,0
HID,20180719,2.4647,2.5559,2.4647,2.5559,264670
HIG,20180719,6.5365,6.9610,6.5365,6.9610,1100
HII,20180719,13.4348,13.4348,13.0435,13.2174,207630
HJC,20180719,3.0000,3.0000,3.0000,3.0000,0
HJS,20180719,17.2681,17.2681,17.2681,17.2681,1500
HKB,20180719,1.7000,1.7000,1.7000,1.7000,6100
HKD-X,20180719,7.8490,7.8490,7.8490,7.8490,0
HKP,20180719,7.6888,7.6888,7.6888,7.6888,0
HKT,20180719,1.8000,1.8000,1.8000,1.8000,3900
HLA,20180719,0.3000,0.3000,0.3000,0.3000,0
HLB,20180719,56.5161,56.5161,56.5161,56.5161,0
HLC,20180719,5.1436,5.1436,5.1436,5.1436,2100
HLD,20180719,8.6900,8.6900,8.5138,8.6899,5300
HLE,20180719,5.5671,5.5671,5.5671,5.5671,0
HLG,20180719,9.3000,9.3000,9.3000,9.3000,0
HLR,20180719,10.2000,10.2000,10.2000,10.2000,100
HLS,20180719,9.8634,9.8634,9.8634,9.8634,0
HLY,20180719,13.2070,13.2070,13.2070,13.2070,100
HMC,20180719,9.1902,9.2637,9.1902,9.1902,1960
HMG,20180719,7.5000,7.5000,7.5000,7.5000,0
HMH,20180719,9.1167,9.3304,9.1167,9.2591,15900
HMS,20180719,25.9270,25.9270,25.9270,25.9270,1800
HNA,20180719,9.5000,9.5000,9.5000,9.5000,0
HNB,20180719,14.7606,14.7606,14.7606,14.7606,0
HND,20180719,7.7624,7.7624,7.7624,7.7624,100
HNF,20180719,55.5005,55.5005,55.5005,55.5005,100
HNG,20180719,13.9000,14.4000,13.5000,14.4000,4480970
HNI,20180719,23.6918,24.4322,23.6918,24.4322,600
HNM,20180719,3.3000,3.3000,3.3000,3.3000,4000
HNP,20180719,14.6278,14.6278,14.6278,14.6278,0
HNR,20180719,31.9000,31.9000,31.9000,31.9000,0
HNT,20180719,3.2850,3.2850,3.2850,3.2850,0
HOM,20180719,3.6538,3.6538,3.6538,3.6538,5000
HOT,20180719,26.3360,28.2987,26.3360,26.3361,290
HPB,20180719,6.2982,6.2982,6.2982,6.2982,0
HPD,20180719,11.7620,11.9759,11.7620,11.9759,400
HPG,20180719,17.3285,17.4673,17.1665,17.2128,3514150
HPH,20180719,5.2438,5.2438,5.2438,5.2438,0
HPI,20180719,9.6000,9.6000,9.6000,9.6000,4000
HPM,20180719,11.6000,11.6000,11.6000,11.6000,0
HPP,20180719,27.4142,27.4939,27.0954,27.4939,7700
HPT,20180719,5.2545,5.2545,5.2545,5.2545,200
HPU,20180719,5.4778,5.4778,5.4778,5.4778,0
HPW,20180719,7.5822,7.5822,7.5822,7.5822,0
HQC,20180719,1.9000,1.9200,1.8700,1.9000,1534990
HRB,20180719,22.0473,22.0473,22.0473,22.0473,0
HRC,20180719,30.0000,32.0000,30.0000,32.0000,860
HRT,20180719,4.7000,4.7000,4.7000,4.7000,0
HSA,20180719,29.2000,29.2000,29.2000,29.2000,0
HSG,20180719,9.0918,9.0918,9.0131,9.0917,3784160
HSI,20180719,2.0000,2.0000,2.0000,2.0000,200
HSL,20180719,14.2010,14.4477,14.0953,14.4125,117340
HSM,20180719,17.0431,17.5301,17.0431,17.5302,200
HT1,20180719,9.0104,9.0104,8.6204,8.7374,59920
HTC,20180719,22.9738,22.9738,22.9738,22.9738,0
HTE,20180719,5.2612,5.2612,5.2612,5.2612,2200
HTG,20180719,14.0480,14.0480,14.0480,14.0480,0
HTI,20180719,7.9140,7.9140,7.7491,7.7820,11130
HTL,20180719,15.5702,15.5702,15.5702,15.5702,10
HTM,20180719,8.8287,9.2211,8.8287,9.2211,180800
HTP,20180719,4.1000,4.1000,4.1000,4.1000,0
HTR,20180719,7.2356,7.2356,7.2356,7.2356,0
HTT,20180719,2.5000,2.5400,2.4900,2.5200,73290
HTU,20180719,9.8007,9.8007,9.8007,9.8007,0
HTV,20180719,12.5427,12.5427,12.5427,12.5427,10
HTW,20180719,10.0000,10.0000,10.0000,10.0000,0
HU1,20180719,7.1143,7.1143,6.7399,6.7399,10500
HU3,20180719,6.0539,6.3061,6.0349,6.3061,12890
HU4,20180719,5.3516,5.3516,5.3516,5.3516,0
HU6,20180719,4.0665,5.0983,4.0665,5.0982,200
HUG,20180719,6.0423,6.0423,6.0423,6.0423,0
HUT,20180719,4.5030,4.5879,4.3330,4.4180,2619160
HVA,20180719,3.3000,3.3000,3.2000,3.3000,296800
HVG,20180719,2.8100,3.0800,2.8100,3.0700,423130
HVN,20180719,31.4822,32.2644,30.9933,32.2644,426120
HVT,20180719,36.4262,36.4262,35.0252,35.0252,5700
HVX,20180719,3.5492,3.5492,3.5492,3.5492,10
I10,20180719,0.8000,0.8000,0.8000,0.8000,0
IBC,20180719,21.2543,21.4292,21.0794,21.2543,180100
ICC,20180719,31.4584,31.4584,31.4584,31.4584,0
ICF,20180719,2.2200,2.2200,2.2200,2.2200,0
ICG,20180719,4.9244,4.9244,4.9244,4.9244,0
ICI,20180719,8.1122,8.1122,8.1122,8.1122,0
ICN,20180719,26.3736,26.3736,26.3736,26.3736,200
IDC,20180719,18.6854,18.7789,18.6854,18.6855,65300
IDI,20180719,8.3480,8.5177,8.2801,8.4837,3015060
IDJ,20180719,2.0559,2.0559,2.0559,2.0559,0
IDV,20180719,24.7739,24.7739,22.6793,23.1127,15511
IFC,20180719,16.5000,16.5000,16.5000,16.5000,0
IFS,20180719,9.0000,9.0000,9.0000,9.0000,500
IHK,20180719,7.3893,7.3893,7.3893,7.3893,0
IJC,20180719,7.2552,7.4510,7.2552,7.3912,210180
IKH,20180719,10.1503,10.1503,10.1503,10.1503,0
ILA,20180719,4.1667,4.1667,4.1667,4.1667,1200
ILS,20180719,15.3000,15.3000,15.3000,15.3000,200
IME,20180719,7.1000,7.1000,7.1000,7.1000,0
IMP,20180719,36.9725,37.0437,36.3313,37.0437,4200
IN4,20180719,48.7347,48.7347,48.7347,48.7347,0
INC,20180719,4.5777,4.5777,4.5777,4.5776,200
INN,20180719,26.3974,26.3974,25.9759,26.0813,1800
INR-X,20180719,68.6155,68.6155,68.6155,68.6155,0
IPA,20180719,16.3000,16.3000,16.2000,16.2000,200
IRC,20180719,11.8906,11.8906,11.8906,11.8906,0
ISG,20180719,1.9000,1.9000,1.9000,1.9000,0
ISH,20180719,14.0971,14.0971,14.0971,14.0971,0
IST,20180719,10.8666,10.8666,10.8666,10.8666,0
ITA,20180719,2.3100,2.3300,2.2800,2.3100,977430
ITC,20180719,10.3984,10.3984,10.1673,10.1673,57000
ITD,20180719,8.2013,8.3042,8.1670,8.2013,57230
ITQ,20180719,3.7051,3.7051,3.3251,3.5151,1784211
ITS,20180719,2.6450,2.6450,2.6450,2.6450,0
IVS,20180719,15.3000,17.5000,15.2000,16.8000,560500
JOS,20180719,2.4000,2.4000,2.4000,2.4000,0
JPY-X,20180719,112.7910,112.7910,112.7910,112.7910,0
JVC,20180719,3.1800,3.2000,3.1500,3.1800,139520
KAC,20180719,20.9000,22.3000,19.4000,19.4000,70
KBC,20180719,11.0453,11.1389,10.8581,10.8581,2184440
KBE,20180719,14.2360,14.2360,14.2360,14.2360,0
KCB,20180719,2.0000,2.5000,2.0000,2.5000,800
KCE,20180719,13.9897,13.9897,13.9897,13.9897,0
KDC,20180719,28.3486,28.3486,27.9267,28.2642,59220
KDH,20180719,18.1964,18.2567,17.9855,18.1964,71490
KDM,20180719,3.8000,3.9000,3.6000,3.8000,24000
KGM,20180719,4.5659,4.5659,4.5659,4.5659,0
KHA,20180719,40.6601,40.6601,38.3725,38.3725,2641
KHB,20180719,1.0000,1.0000,1.0000,1.0000,0
KHD,20180719,3.6842,3.6842,3.6842,3.6842,0
KHL,20180719,0.3000,0.3000,0.3000,0.3000,0
KHP,20180719,6.1061,6.1061,5.9195,5.9195,3060
KHS,20180719,7.8046,7.8046,7.8046,7.8046,9000
KHW,20180719,10.2875,10.2875,10.2875,10.2875,0
KIP,20180719,23.3834,23.3834,23.3834,23.3834,0
KKC,20180719,10.7976,10.7976,10.7976,10.7976,900
KLB,20180719,10.5928,10.5928,10.5928,10.5928,10
KLF,20180719,2.0000,2.1000,2.0000,2.0000,2783490
KMR,20180719,3.5800,3.6300,3.5500,3.6200,41020
KMT,20180719,6.1880,6.1880,6.1880,6.1880,0
KOS,20180719,13.9294,14.0753,13.5648,13.6377,50200
KPF,20180719,19.2406,19.2406,18.0666,19.2406,2280
KRW-X,20180719,1131.0900,1131.0900,1131.0900,1131.0900,0
KSB,20180719,23.8771,24.2467,23.5075,23.5445,122730
KSD,20180719,4.8000,4.8000,4.4000,4.4000,9450
KSE,20180719,11.0751,11.0751,11.0751,11.0751,0
KSH,20180719,1.9800,2.1200,1.9800,2.0900,316450
KSK,20180719,0.5000,0.5000,0.5000,0.5000,0
KSQ,20180719,1.4000,1.5000,1.4000,1.5000,24100
KST,20180719,11.9934,11.9934,11.9934,11.9934,1200
KSV,20180719,9.0067,9.0067,9.0067,9.0067,0
KTB,20180719,1.9000,1.9000,1.9000,1.9000,0
KTC,20180719,10.2680,10.2680,10.2680,10.2680,0
KTL,20180719,16.2255,16.3095,16.2255,16.3095,2100
KTS,20180719,22.2000,22.2000,22.2000,22.2000,100
KTT,20180719,5.4000,5.4000,5.4000,5.4000,0
KVC,20180719,1.7000,1.7000,1.6000,1.6000,339500
L10,20180719,15.1063,15.5039,14.7088,14.7089,150
L12,20180719,3.9076,3.9076,3.9076,3.9076,0
L14,20180719,22.8048,22.8048,21.8676,21.8676,26362
L18,20180719,8.1434,8.1434,8.1434,8.1434,0
L35,20180719,3.9000,3.9000,3.9000,3.9000,0
L43,20180719,2.4000,2.4000,2.4000,2.4000,0
L44,20180719,1.4000,1.4000,1.4000,1.4000,0
L45,20180719,3.4000,3.4000,3.4000,3.4000,0
L61,20180719,11.0000,11.1000,9.3000,9.3000,1300
L62,20180719,6.9658,6.9658,6.9658,6.9658,0
L63,20180719,7.5000,7.5000,7.5000,7.5000,2000
LAF,20180719,6.4900,6.4900,5.8500,5.8800,2090
LAI,20180719,5.4968,5.4968,5.4968,5.4968,0
LAS,20180719,10.4751,10.6557,10.4751,10.6557,13100
LAW,20180719,8.2770,8.2770,8.2770,8.2770,0
LBC,20180719,9.8391,9.8391,9.8391,9.8391,0
LBE,20180719,14.7268,14.7268,14.7268,14.7268,0
LBM,20180719,26.6686,26.6686,26.6686,26.6686,0
LCC,20180719,3.1000,3.1000,3.1000,3.1000,0
LCD,20180719,6.3477,6.3477,6.3477,6.3477,0
LCG,20180719,6.5331,6.6212,6.5331,6.6065,79960
LCM,20180719,0.7300,0.7300,0.6900,0.7200,10990
LCS,20180719,3.3000,3.3000,3.3000,3.3000,0
LCW,20180719,9.7999,9.7999,9.7999,9.7999,0
LDG,20180719,9.8424,10.6826,9.8024,10.6826,1885380
LDP,20180719,21.9189,21.9189,21.9189,21.9189,400
LDW,20180719,10.6104,10.6104,10.6104,10.6104,0
LEC,20180719,18.8000,18.8000,18.8000,18.8000,500
LG9,20180719,8.9477,8.9477,8.9477,8.9477,0
LGC,20180719,25.4873,25.4873,25.4873,25.4873,0
LGL,20180719,6.1843,6.1843,6.0960,6.1755,48940
LHC,20180719,24.7346,24.7346,23.8962,24.1058,3500
LHG,20180719,15.3641,15.3641,15.0702,15.1122,74590
LIC,20180719,5.0000,5.0000,5.0000,5.0000,0
LIG,20180719,3.5239,3.5239,3.4358,3.5239,68200
LINK-USD,20180719,0.2428,0.2442,0.2257,0.2297,684897
LIX,20180719,33.4022,34.2169,33.4022,34.0539,2010
LKW,20180719,13.4729,13.4729,13.4729,13.4729,0
LLM,20180719,17.8260,18.3830,17.8260,18.3830,4000
LM3,20180719,1.0000,1.0000,1.0000,1.0000,0
LM7,20180719,3.9000,3.9000,3.9000,3.9000,1000
LM8,20180719,21.8500,23.4232,21.8500,21.8937,4630
LMC,20180719,18.0000,18.0000,18.0000,18.0000,0
LMI,20180719,11.0523,11.0523,11.0523,11.0523,0
LO5,20180719,3.0000,3.0000,3.0000,3.0000,100
LPB,20180719,8.6580,8.6580,8.3432,8.5006,1408547
LQN,20180719,8.9996,8.9996,8.9996,8.9996,0
LSS,20180719,6.3089,6.3089,6.0601,6.2822,14840
LTC,20180719,3.3000,3.3000,3.3000,3.3000,0
LTG,20180719,27.7797,27.7797,27.7797,27.7797,0
LUT,20180719,1.9000,1.9000,1.9000,1.9000,200
LWS,20180719,8.5044,8.5044,8.5044,8.5044,0
M10,20180719,18.5494,18.5494,18.5494,18.5494,0
MAC,20180719,6.1210,6.1210,6.1210,6.1210,200
MAS,20180719,36.4652,36.4652,35.9916,35.9917,3100
MBB,20180719,17.8638,17.9415,17.4755,17.5531,7108670
MBG,20180719,3.3287,3.6061,3.2362,3.2362,1319340
MBS,20180719,9.8003,10.0973,9.5627,9.6815,91875
MC3,20180719,9.5003,9.5003,9.5003,9.5003,0
MCC,20180719,12.0560,12.0560,12.0560,12.0560,0
MCF,20180719,11.4362,11.4362,11.4362,11.4362,0
MCG,20180719,3.0800,3.0900,3.0800,3.0900,43500
MCH,20180719,57.9688,57.9688,57.9688,57.9687,94
MCI,20180719,5.3000,5.3000,5.3000,5.3000,0
MCO,20180719,1.5000,1.5000,1.5000,1.5000,100
MCP,20180719,25.0165,25.0165,25.0165,25.0165,760
MCT,20180719,13.8698,13.8698,13.8698,13.8698,0
MDA,20180719,9.0001,9.0001,9.0001,9.0001,0
MDC,20180719,4.2903,4.2903,4.2903,4.2903,130
MDF,20180719,8.7267,8.7267,8.7267,8.7267,0
MDG,20180719,10.8905,10.8905,10.8905,10.8905,0
MEC,20180719,2.4000,2.4000,2.4000,2.4000,0
MEF,20180719,1.2000,1.2000,1.2000,1.2000,0
MEL,20180719,7.1473,7.1473,7.1473,7.1473,0
MES,20180719,10.0000,10.0000,10.0000,10.0000,0
MGC,20180719,5.3536,5.3536,5.3536,5.3536,0
MGG,20180719,15.9580,15.9580,15.9580,15.9580,0
MH3,20180719,14.9495,14.9495,14.9495,14.9495,0
MHC,20180719,4.1818,4.1818,3.9455,4.0818,43920
MHL,20180719,5.3000,5.3000,5.3000,5.3000,0
MIC,20180719,2.5000,2.5000,2.5000,2.5000,0
MIE,20180719,10.1000,10.1000,10.1000,10.1000,0
MIG,20180719,8.5899,8.5899,7.9860,7.9860,20100
MIM,20180719,10.2439,10.2439,10.2439,10.2439,0
MKP,20180719,55.2025,55.2025,55.2025,55.2025,0
MKV,20180719,15.5000,15.5000,15.5000,15.5000,0
MLC,20180719,7.2796,7.2796,7.2796,7.2796,0
MLS,20180719,10.4523,10.4523,10.4523,10.4523,100
MNB,20180719,31.1855,31.1855,31.1855,31.1855,0
MND,20180719,9.0023,9.0023,9.0023,9.0023,0
MPC,20180719,29.6039,30.3829,29.6039,29.9934,6700
MPT,20180719,2.0000,2.1818,2.0000,2.0000,1100
MPY,20180719,8.5102,8.5102,8.5102,8.5102,0
MQB,20180719,9.4202,9.4202,9.4202,9.4202,0
MQN,20180719,16.6757,17.9018,15.5967,17.1661,5450
MRF,20180719,18.9832,18.9832,18.9832,18.9832,0
MSN,20180719,75.4382,78.8672,75.2423,77.4956,761010
MSR,20180719,14.1174,14.2622,13.9002,13.9003,48200
MST,20180719,3.8596,3.9473,3.6842,3.8596,894930
MTA,20180719,1.4000,1.4000,1.4000,1.4000,2900
MTC,20180719,9.5002,9.5002,9.5002,9.5002,0
MTG,20180719,4.0000,4.0000,4.0000,4.0000,600
MTH,20180719,8.1803,8.1803,8.1803,8.1803,100
MTL,20180719,13.9000,13.9000,13.9000,13.9000,0
MTM,20180719,2.6000,2.6000,2.6000,2.6000,0
MTP,20180719,8.9895,8.9895,8.9895,8.9895,0
MTS,20180719,13.6810,13.6810,13.6810,13.6810,0
MTV,20180719,10.2234,10.2234,10.2234,10.2234,0
MVB,20180719,2.9661,2.9661,2.9661,2.9661,0
MVC,20180719,7.4505,8.1600,7.4505,8.1600,27000
MVY,20180719,2.3000,2.3000,2.3000,2.3000,0
MWG,20180719,82.7752,84.3754,81.4659,83.8663,862370
NAC,20180719,1.9783,1.9783,1.9783,1.9783,0
NAF,20180719,10.5138,10.7510,10.4347,10.5929,70600
NAG,20180719,5.0300,5.1074,5.0300,5.1074,400
NAP,20180719,9.8503,9.8503,9.8503,9.8503,0
NAS,20180719,25.3390,25.3390,25.3390,25.3390,29
NAU,20180719,9.7812,9.7812,9.7812,9.7812,0
NAV,20180719,3.5842,3.5842,3.5842,3.5842,0
NAW,20180719,14.3000,14.3000,14.3000,14.3000,1100
NBB,20180719,16.1775,16.1775,15.7627,15.7628,6500
NBC,20180719,4.8302,4.8302,4.6744,4.7523,59600
NBE,20180719,4.9480,4.9480,4.9480,4.9480,0
NBP,20180719,8.8251,8.8251,8.8251,8.8251,0
NBR,20180719,6.2838,6.2838,6.2838,6.2838,0
NBT,20180719,3.9019,3.9019,3.9019,3.9019,4200
NBW,20180719,14.0958,14.0958,14.0958,14.0958,0
NCP,20180719,4.5000,4.5000,4.5000,4.5000,0
NCS,20180719,36.6163,36.6163,36.5224,36.5224,2250
NCT,20180719,60.1945,60.8944,59.4945,60.8944,12220
ND2,20180719,17.2288,17.2288,17.2288,17.2288,0
NDC,20180719,26.4337,26.4337,26.4337,26.4337,0
NDF,20180719,1.4000,1.4000,1.4000,1.4000,0
NDN,20180719,9.8274,10.1686,9.5544,9.9638,241643
NDP,20180719,23.5274,23.5274,23.5274,23.5274,0
NDX,20180719,9.6842,10.5450,9.3255,10.5449,10300
NED,20180719,8.6616,8.6616,8.6616,8.6616,100
NET,20180719,19.5390,19.5390,18.8380,19.5390,5200
NFC,20180719,5.8039,5.8039,5.8039,5.8039,0
NGC,20180719,7.0000,7.0000,7.0000,7.0000,0
NHA,20180719,4.9608,5.1262,4.7954,5.0710,4700
NHC,20180719,27.9893,27.9893,27.9893,27.9893,0
NHH,20180719,17.1523,17.1523,17.1523,17.1523,0
NHP,20180719,1.3000,1.3000,1.2000,1.3000,5700
NHT,20180719,16.4537,16.4854,16.4537,16.4855,400
NHV,20180719,14.0000,14.0000,14.0000,14.0000,0
NKG,20180719,15.3402,15.3402,14.7030,14.8010,519130
NLG,20180719,21.7703,22.2699,21.1993,22.1272,452230
NLS,20180719,8.4312,8.4312,8.4312,8.4312,0
NMK,20180719,6.4973,6.4973,6.4973,6.4973,0
NNB,20180719,9.9354,9.9354,9.9354,9.9354,0
NNC,20180719,33.8959,33.8959,33.6367,33.8311,2830
NNG,20180719,8.9000,8.9000,8.9000,8.9000,0
NNT,20180719,10.0606,10.0606,10.0606,10.0606,4500
NOS,20180719,0.3000,0.3000,0.3000,0.3000,0
NQB,20180719,10.8615,10.8615,10.8615,10.8615,0
NQN,20180719,6.2797,6.2797,6.2797,6.2797,100
NQT,20180719,9.4588,9.4588,9.4588,9.4588,0
NRC,20180719,17.8401,19.1144,17.2284,19.1143,13933
NS2,20180719,30.7498,30.7498,30.7498,30.7498,0
NS3,20180719,32.6389,32.6389,32.6389,32.6389,0
NSC,20180719,85.4046,86.1066,85.4046,85.7946,16300
NSG,20180719,9.7050,9.7050,9.7050,9.7050,0
NSH,20180719,10.5000,10.5000,10.1000,10.5000,1101623
NST,20180719,8.6403,8.6403,8.6403,8.6403,300
NT2,20180719,20.8351,21.1461,20.6019,20.7185,313450
NTB,20180719,0.4000,0.4000,0.4000,0.4000,0
NTC,20180719,28.8958,29.4969,28.2023,29.0808,20700
NTL,20180719,6.9286,7.3929,6.8072,7.3928,282100
NTP,20180719,27.5134,27.6390,26.3827,26.5711,12620
NTR,20180719,2.5230,2.5230,2.5230,2.5230,0
NTT,20180719,10.0000,10.0000,10.0000,10.0000,0
NTW,20180719,19.0538,19.0538,19.0538,19.0538,100
NUE,20180719,6.7126,6.7126,6.7126,6.7126,0
NVB,20180719,6.9000,6.9000,6.8000,6.9000,438200
NVL,20180719,40.1525,40.7355,38.9866,40.6626,482990
NVP,20180719,6.3000,6.3000,6.3000,6.3000,0
NVT,20180719,5.1000,5.4000,5.0300,5.1000,110690
NWT,20180719,5.5800,5.5800,5.5800,5.5800,0
OCH,20180719,4.9000,5.4000,4.9000,4.9000,1200
OGC,20180719,1.8500,1.9100,1.8200,1.8900,1039640
OIL,20180719,14.0000,15.1000,13.7000,14.6000,1283930
ONE,20180719,3.5326,3.5326,3.4634,3.5326,2225
ONW,20180719,14.6000,14.6000,14.6000,14.6000,0
OPC,20180719,40.3071,40.3071,40.1386,40.1807,30
ORS,20180719,2.9000,2.9000,2.9000,2.9000,16800
PAC,20180719,34.5618,34.5618,34.1382,34.5194,12010
PAI,20180719,9.0994,9.0994,9.0994,9.0994,0
PAN,20180719,34.8012,35.1147,34.2369,34.4877,17410
PBP,20180719,9.8341,9.8341,9.8341,9.8341,0
PC1,20180719,19.2633,19.5652,19.2633,19.5652,52480
PCC,20180719,10.6593,10.6593,10.6593,10.6593,0
PCE,20180719,5.8638,5.8638,5.8638,5.8638,0
PCF,20180719,10.0000,10.0000,10.0000,10.0000,0
PCG,20180719,21.4000,21.4000,21.4000,21.4000,0
PCM,20180719,3.8182,3.8182,3.8182,3.8182,0
PCN,20180719,3.4000,3.4000,3.4000,3.4000,0
PCT,20180719,8.3000,8.3000,8.3000,8.3000,0
PDB,20180719,7.7755,7.7755,7.7755,7.7755,500
PDC,20180719,5.7000,5.7000,5.7000,5.7000,0
PDN,20180719,42.8260,42.8260,42.8260,42.8260,10
PDR,20180719,13.6616,13.6878,13.4261,13.5831,696330
PDV,20180719,6.4000,6.4000,6.4000,6.4000,100
PEC,20180719,8.8000,8.8000,8.8000,8.8000,0
PEN,20180719,4.5572,4.5572,4.5572,4.5572,0
PEQ,20180719,12.4995,12.4995,12.4995,12.4995,0
PET,20180719,7.0142,7.0142,6.9685,6.9914,145800
PFL,20180719,0.8000,0.9000,0.8000,0.9000,1144900
PGC,20180719,10.3573,10.3573,10.0655,10.2844,25480
PGD,20180719,28.3108,30.5850,28.3108,30.5850,2060
PGI,20180719,15.0154,15.0154,15.0154,15.0154,0
PGS,20180719,28.9750,28.9750,27.3510,27.7784,10607
PGT,20180719,4.0000,4.0000,4.0000,4.0000,0
PGV,20180719,12.9000,12.9000,11.9000,11.9000,400
PHC,20180719,11.3234,11.4632,10.9739,11.2535,293220
PHH,20180719,10.3000,10.3000,10.3000,10.3000,0
PHP,20180719,9.7607,9.7607,9.7607,9.7607,300
PHR,20180719,17.0421,17.3813,16.9997,17.0421,271330
PIA,20180719,15.9135,15.9135,15.9135,15.9135,0
PIC,20180719,11.8269,11.8269,11.6627,11.6626,200
PID,20180719,6.3000,6.3000,6.3000,6.3000,0
PIS,20180719,8.8157,8.8157,8.8157,8.8157,0
PIT,20180719,7.4100,8.5100,7.4100,8.5100,8170
PIV,20180719,1.5000,1.5000,1.5000,1.5000,0
PJC,20180719,39.8980,39.8980,39.8980,39.8980,0
PJS,20180719,10.3368,10.3368,10.3368,10.3368,100
PJT,20180719,8.5396,8.6977,8.5396,8.5792,2320
PKR,20180719,2.1263,2.1263,2.1263,2.1263,0
PLA,20180719,5.6000,5.6000,5.6000,5.6000,0
PLC,20180719,13.0967,13.1742,13.0192,13.0192,15840
PLP,20180719,7.6746,7.8517,7.5860,7.6450,55310
PLX,20180719,50.4183,51.0321,49.8045,50.5060,408530
PMB,20180719,5.7787,5.7787,5.7787,5.7787,0
PMC,20180719,50.6449,52.0615,50.4678,51.2646,38900
PME,20180719,64.3303,64.3303,63.4113,63.4113,970
PMG,20180719,13.2468,13.3454,13.1482,13.2797,272430
PMJ,20180719,5.1343,5.1343,5.1343,5.1343,0
PMP,20180719,12.0670,12.0670,12.0670,12.0670,0
PMS,20180719,9.8798,10.6010,9.8798,10.6010,2500
PMT,20180719,4.0986,4.0986,4.0986,4.0986,0
PNC,20180719,10.8664,10.8664,10.8664,10.8665,20
PND,20180719,7.7000,7.7000,7.7000,7.7000,0
PNG,20180719,14.5000,14.5000,14.5000,14.5000,0
PNJ,20180719,67.6504,67.6504,65.6936,65.6935,637620
PNT,20180719,5.7295,5.7295,5.7295,5.7295,0
POB,20180719,9.7577,9.7577,9.7577,9.7577,0
POM,20180719,10.7693,10.7693,10.2342,10.2341,10470
POS,20180719,6.8437,6.8437,6.8437,6.8437,0
POT,20180719,16.7002,16.7002,16.7002,16.7002,0
POV,20180719,8.7611,8.7611,8.7611,8.7611,0
POW,20180719,11.3471,12.8019,11.3471,12.6079,3757005
PPC,20180719,13.4247,13.4247,12.7181,12.7181,321370
PPE,20180719,10.4000,10.4000,10.4000,10.4000,100
PPH,20180719,10.0375,10.0375,10.0375,10.0375,0
PPI,20180719,1.1600,1.2100,1.1500,1.2000,132090
PPP,20180719,6.1532,6.1532,6.1532,6.1532,0
PPS,20180719,5.4219,5.4219,5.4219,5.4219,1300
PPY,20180719,13.1676,13.1676,13.1676,13.1676,0
PRC,20180719,12.0724,12.0724,12.0724,12.0724,0
PRO,20180719,13.8000,13.8000,13.8000,13.8000,0
PRT,20180719,16.3820,16.3820,16.3820,16.3820,0
PSB,20180719,3.5000,3.5000,3.5000,3.5000,1900
PSC,20180719,11.5967,11.5967,11.5967,11.5967,0
PSD,20180719,9.3402,9.3402,8.9511,8.9511,500
PSE,20180719,7.4106,7.4106,7.4106,7.4106,100
PSG,20180719,0.4000,0.4000,0.4000,0.4000,0
PSI,20180719,3.2000,3.3000,3.2000,3.3000,990
PSL,20180719,13.3105,13.3105,13.3105,13.3105,300
PSN,20180719,7.1657,7.1657,7.1657,7.1657,0
PSP,20180719,4.4374,4.5227,4.4374,4.5227,300
PSW,20180719,5.8977,5.8977,5.8977,5.8977,100
PTB,20180719,55.9424,55.9424,54.5377,55.1161,102290
PTC,20180719,6.1800,6.1800,6.1800,6.1800,4000
PTD,20180719,12.5227,12.5227,12.5227,12.5227,0
PTE,20180719,2.0000,2.0000,2.0000,2.0000,0
PTG,20180719,0.0714,0.0714,0.0714,0.0714,0
PTH,20180719,6.4388,6.4388,6.4388,6.4388,0
PTI,20180719,21.0299,21.0299,21.0299,21.0299,0
PTK,20180719,1.7000,1.7000,1.7000,1.7000,0
PTL,20180719,3.2400,3.2400,3.2400,3.2400,30
PTO,20180719,4.1240,4.1240,4.1240,4.1240,0
PTP,20180719,4.4223,4.4223,4.4223,4.4223,0
PTS,20180719,3.7943,3.7943,3.7943,3.7943,0
PTT,20180719,3.4737,3.4737,3.4737,3.4737,0
PV2,20180719,2.9000,3.0000,2.9000,3.0000,10100
PVA,20180719,0.4000,0.4000,0.4000,0.4000,0
PVB,20180719,13.6404,13.6404,13.2743,13.3658,68200
PVC,20180719,4.9681,4.9681,4.8839,4.9681,43400
PVD,20180719,11.9102,12.0465,11.5465,11.5465,705530
PVE,20180719,4.9000,5.0000,4.8000,4.8000,76950
PVG,20180719,6.5678,6.7555,6.4740,6.7555,14100
PVH,20180719,1.8000,1.8000,1.8000,1.8000,400
PVI,20180719,26.1431,26.2317,25.9659,26.2317,50200
PVL,20180719,1.7000,1.7000,1.6000,1.6000,83700
PVM,20180719,9.9036,9.9036,9.9036,9.9036,0
PVO,20180719,4.6221,4.8147,4.5258,4.5258,28000
PVP,20180719,4.9574,4.9574,3.9659,3.9659,260
PVR,20180719,1.7000,1.7000,1.7000,1.7000,0
PVS,20180719,13.9816,14.1461,13.5704,13.5704,2829628
PVT,20180719,12.4446,12.5201,12.0675,12.5200,199630
PVV,20180719,1.0000,1.0000,0.8000,0.9000,1500
PVX,20180719,1.3000,1.3000,1.2000,1.2000,423999
PVY,20180719,2.3000,2.3000,2.3000,2.3000,0
PWS,20180719,7.0340,7.0340,7.0340,7.0340,0
PX1,20180719,10.0000,10.0000,10.0000,10.0000,0
PXA,20180719,0.7000,0.7000,0.6000,0.6000,19100
PXC,20180719,0.4000,0.4000,0.4000,0.4000,0
PXI,20180719,2.5400,2.7400,2.5000,2.7400,7890
PXL,20180719,2.5000,2.7000,2.4000,2.5000,879350
PXM,20180719,0.3000,0.3000,0.3000,0.3000,0
PXS,20180719,5.0000,5.0100,4.9500,4.9500,17000
PXT,20180719,1.8700,1.8700,1.8500,1.8500,940
PYU,20180719,10.9005,10.9005,10.9005,10.9005,0
QBR,20180719,6.9093,6.9093,6.9093,6.9093,800
QBS,20180719,6.2500,6.2500,6.0200,6.0200,228060
QCC,20180719,5.6299,5.6299,5.6299,5.6299,0
QCG,20180719,8.0900,8.0900,7.8500,7.9000,802450
QHD,20180719,10.8269,10.8269,10.8269,10.8269,0
QHW,20180719,14.9761,19.0019,14.9761,19.0019,200
QLD,20180719,9.4976,9.4976,9.4976,9.4976,0
QLT,20180719,6.3013,6.3013,6.3013,6.3013,0
QNC,20180719,3.8000,3.8000,3.8000,3.8000,312
QNS,20180719,27.1344,29.0178,27.1344,28.2505,452114
QNU,20180719,4.1773,4.1773,4.1773,4.1773,0
QNW,20180719,8.7095,8.7095,8.7095,8.7095,0
QPH,20180719,19.5261,19.5261,19.5261,19.5261,0
QSP,20180719,11.1433,11.1433,11.1433,11.1433,0
QST,20180719,7.3332,7.3332,7.3332,7.3332,0
QTC,20180719,13.8389,13.8389,13.8389,13.8389,0
QTP,20180719,9.3192,9.3192,9.3192,9.3192,100
RAL,20180719,77.6307,77.6307,76.7776,77.2042,2880
RAT,20180719,8.3546,8.3546,8.3546,8.3546,0
RBC,20180719,14.6000,14.6000,14.6000,14.6000,0
RCC,20180719,14.9000,14.9000,14.9000,14.9000,100
RCD,20180719,10.9681,10.9681,10.9681,10.9681,200
RCL,20180719,15.8859,15.8859,15.8859,15.8859,0
RDP,20180719,7.9854,7.9854,7.9854,7.9854,10
REE,20180719,30.2229,30.4491,29.9062,30.2229,565650
RGC,20180719,7.0000,7.0000,7.0000,7.0000,0
RHN,20180719,9.2000,9.2000,9.2000,9.2000,0
RIC,20180719,8.0000,8.0000,8.0000,8.0000,100
RLC,20180719,10.0000,10.0000,10.0000,10.0000,0
ROS,20180719,44.0000,44.5000,43.5000,44.0000,997440
RTB,20180719,10.0002,10.0002,10.0002,10.0002,0
RTH,20180719,3.7474,3.7474,3.7474,3.7474,0
RTS,20180719,9.8041,9.8041,9.8041,9.8041,0
RUB-X,20180719,62.9991,62.9991,62.9991,62.9991,0
S12,20180719,0.7000,0.7000,0.7000,0.7000,0
S27,20180719,5.8000,5.8000,5.8000,5.8000,0
S4A,20180719,22.8267,22.8267,22.8267,22.8267,1500
S55,20180719,19.5255,19.9904,19.5255,19.9904,7100
S72,20180719,6.0000,6.0000,6.0000,6.0000,0
S74,20180719,5.0000,5.0000,5.0000,5.0000,3000
S96,20180719,0.7000,0.7000,0.7000,0.7000,0
S99,20180719,5.2608,5.4422,5.2608,5.2608,52510
SAB,20180719,203.9703,205.7637,202.9321,202.9321,68430
SAC,20180719,9.5936,9.5936,9.5936,9.5936,0
SAF,20180719,47.4838,47.4838,47.4838,47.4838,0
SAL,20180719,8.2086,8.2086,8.2086,8.2086,0
SAM,20180719,6.2061,6.2061,6.1696,6.2061,154570
SAP,20180719,3.9000,3.9000,3.9000,3.9000,15
SAR-X,20180719,3.7459,3.7459,3.7459,3.7459,0
SAS,20180719,22.5076,22.8410,22.5076,22.6744,3400
SAV,20180719,6.3611,6.3611,6.3611,6.3611,0
SB1,20180719,10.2863,12.2612,10.2863,12.2613,300
SBA,20180719,11.7055,12.4964,11.7055,12.4964,17770
SBD,20180719,8.8433,8.8433,8.8433,8.8433,0
SBH,20180719,18.2389,18.2389,18.2389,18.2389,0
SBL,20180719,16.0308,16.0308,16.0308,16.0308,0
SBM,20180719,27.3331,27.3331,27.3331,27.3331,0
SBS,20180719,1.8000,1.8000,1.7000,1.7000,185400
SBT,20180719,13.2067,13.3827,13.1186,13.2947,1368820
SBV,20180719,20.0353,20.0353,19.9986,20.0353,870
SC5,20180719,21.1707,21.1707,21.1707,21.1707,90
SCC,20180719,1.5000,1.5000,1.5000,1.5000,0
SCD,20180719,23.3771,23.3771,23.3771,23.3771,920
SCI,20180719,3.4232,3.4232,3.4232,3.4276,100
SCJ,20180719,2.7000,2.7000,2.7000,2.7000,3100
SCL,20180719,2.5126,2.6057,2.5126,2.6056,439910
SCO,20180719,5.6000,5.6000,5.6000,5.6000,0
SCR,20180719,7.7535,7.7881,7.6150,7.6324,2272590
SCS,20180719,140.7493,140.7493,140.3266,140.7493,11190
SCY,20180719,13.0000,13.0000,13.0000,13.0000,0
SD1,20180719,2.0000,2.0000,2.0000,2.0000,0
SD2,20180719,5.1000,5.1000,4.9000,5.0000,2900
SD3,20180719,3.4000,3.4000,3.4000,3.4000,0
SD4,20180719,8.4000,8.4000,8.4000,8.4000,2500
SD5,20180719,6.7819,6.7819,6.7819,6.7819,100
SD6,20180719,5.2000,5.2000,5.1000,5.1000,2170
SD7,20180719,3.4000,3.4000,2.9000,3.4000,55100
SD8,20180719,0.4000,0.4000,0.4000,0.4000,0
SD9,20180719,6.2123,6.2123,6.2123,6.2123,124200
SDA,20180719,2.6000,2.6000,2.6000,2.6000,0
SDB,20180719,1.3000,1.3000,1.3000,1.3000,0
SDC,20180719,12.2272,12.2272,12.2272,12.2272,0
SDD,20180719,1.7000,1.8000,1.7000,1.8000,48250
SDE,20180719,1.5000,1.5000,1.5000,1.5000,0
SDG,20180719,18.6974,18.6974,18.6974,18.6974,0
SDH,20180719,1.7000,1.7000,1.5000,1.5000,500
SDJ,20180719,9.2000,9.2000,9.2000,9.2000,0
SDK,20180719,21.4452,21.4452,21.4452,21.4452,0
SDN,20180719,27.5136,27.5136,27.5136,27.5136,100
SDP,20180719,2.4000,2.4000,2.4000,2.4000,0
SDT,20180719,5.8929,5.8929,5.8929,5.8929,0
SDU,20180719,10.5000,10.5000,10.5000,10.5000,0
SDV,20180719,12.9378,12.9378,12.9378,12.9378,700
SDX,20180719,6.8000,6.8000,6.8000,6.8000,0
SDY,20180719,7.5000,7.5000,7.5000,7.5000,0
SEA,20180719,14.7856,14.7856,14.7856,14.7856,0
SEB,20180719,29.0800,29.4839,29.0800,29.4839,3200
SED,20180719,13.5586,15.0993,13.4816,14.2519,2800
SEP,20180719,5.8752,5.8752,5.8752,5.8752,0
SFC,20180719,15.6928,15.6928,15.6928,15.6929,30
SFG,20180719,10.8290,11.3338,10.8290,11.3338,4140
SFI,20180719,20.4989,20.4989,19.6480,19.6480,260
SFN,20180719,28.0135,28.0135,25.7996,25.7996,200
SGC,20180719,84.4003,84.4003,84.4003,84.4003,300
SGD,20180719,6.9414,6.9414,6.9414,6.9414,0
SGD-X,20180719,1.3652,1.3652,1.3652,1.3652,0
SGH,20180719,72.4649,72.4649,72.4649,72.4649,0
SGN,20180719,97.1105,97.7802,97.1105,97.7802,1550
SGO,20180719,0.7000,0.7000,0.7000,0.7000,0
SGP,20180719,10.0000,10.9000,10.0000,10.0000,6200
SGR,20180719,17.2391,19.2975,17.2391,19.2811,8610
SGS,20180719,10.1331,10.1331,10.1331,10.1331,0
SGT,20180719,5.0700,5.0700,5.0700,5.0700,1910
SHA,20180719,4.3727,4.5642,4.3599,4.5642,120510
SHB,20180719,6.1659,6.3163,5.6395,6.1659,4430485
SHC,20180719,5.0000,5.0000,5.0000,5.0000,0
SHG,20180719,2.6000,2.6000,2.6000,2.6000,0
SHI,20180719,5.2674,5.3234,5.1633,5.2674,397800
SHN,20180719,9.5238,9.5238,9.4286,9.5238,121426
SHP,20180719,16.7934,16.7934,16.7934,16.7935,820
SHS,20180719,9.8437,9.8437,9.4996,9.4996,1263610
SHX,20180719,5.0000,5.0000,5.0000,5.0000,0
SI-F,20180719,15.2100,15.3400,15.1350,15.3400,29
SIC,20180719,9.1355,9.1355,9.1355,9.1355,0
SID,20180719,16.5544,16.5544,16.5544,16.5544,17
SII,20180719,23.3500,23.3500,23.3500,23.3500,0
SIV,20180719,45.7005,45.7005,41.1646,41.1646,2100
SJ1,20180719,14.7623,14.7623,13.2404,14.5341,1300
SJC,20180719,5.7000,5.9000,5.4000,5.9000,2500
SJD,20180719,21.7656,22.6429,21.5985,22.4340,279820
SJE,20180719,16.4477,16.4477,16.4477,16.4477,100
SJF,20180719,16.5000,16.5000,15.5833,15.5833,418590
SJG,20180719,6.1000,6.1000,6.1000,6.1000,0
SJM,20180719,1.1000,1.1000,1.1000,1.1000,2000
SJS,20180719,17.2246,17.7112,17.2246,17.5165,27270
SKG,20180719,13.8432,14.6163,13.8432,13.9905,66360
SKH,20180719,15.5302,15.5302,15.4481,15.5302,10900
SKV,20180719,16.3888,16.3888,16.3888,16.3888,0
SLS,20180719,49.0425,49.1963,48.0432,49.1963,3550
SMA,20180719,9.2550,9.5398,9.2550,9.4686,11030
SMC,20180719,13.9448,13.9448,13.2808,13.7604,14600
SMN,20180719,7.3203,7.3203,7.3203,7.3203,0
SMT,20180719,23.2010,23.2010,23.2010,23.2010,100
SNC,20180719,7.1196,7.1196,7.1196,7.1196,1000
SNZ,20180719,9.1672,9.1672,9.0807,9.0807,900
SON,20180719,8.0000,8.0000,8.0000,8.0000,0
SP2,20180719,9.0000,9.0000,9.0000,9.0000,0
SPA,20180719,22.3751,22.3751,22.3751,22.3751,0
SPB,20180719,19.0567,19.0567,19.0567,19.0567,0
SPC,20180719,19.3915,19.3915,19.3915,19.3915,0
SPD,20180719,5.4830,5.4830,5.4830,5.4830,0
SPH,20180719,8.2719,8.2719,8.2719,8.2719,0
SPI,20180719,1.1000,1.1000,1.1000,1.1000,453300
SPM,20180719,11.5248,11.5248,11.5248,11.5248,0
SPP,20180719,5.0345,5.0345,4.3448,4.3448,124400
SPV,20180719,7.1102,7.1102,7.1102,7.1102,0
SQC,20180719,82.0000,82.0000,82.0000,82.0000,0
SRA,20180719,2.4651,2.4651,2.4651,2.4651,3300
SRB,20180719,1.6000,1.6000,1.6000,1.6000,0
SRC,20180719,10.6886,11.0604,10.4098,10.9675,86750
SRF,20180719,12.7634,12.7634,12.7634,12.7634,10
SRT,20180719,4.5881,4.6857,4.5881,4.6857,5200
SSC,20180719,59.0639,59.9454,59.0639,59.9455,12890
SSF,20180719,3.9000,3.9000,3.9000,3.9000,0
SSG,20180719,1.6000,1.6000,1.6000,1.6000,0
SSI,20180719,21.4138,21.7092,21.1923,21.3400,3803880
SSM,20180719,10.9000,11.0000,10.9000,11.0000,200
SSN,20180719,15.9000,15.9000,15.4000,15.7000,150400
SSU,20180719,6.3248,6.3248,6.3248,6.3248,0
ST8,20180719,14.3522,14.3522,14.3522,14.3522,1610
STB,20180719,11.2000,11.2000,10.9000,11.0000,3335440
STC,20180719,21.2509,21.2509,21.2509,21.2508,100
STG,20180719,16.3478,16.4348,16.2609,16.3478,9780
STK,20180719,12.5449,12.6228,12.4280,12.4280,59980
STL,20180719,1.3000,1.3000,1.3000,1.3000,0
STP,20180719,5.3311,5.3311,5.3311,5.3311,0
STS,20180719,16.8000,16.8000,16.8000,16.8000,0
STT,20180719,9.1000,9.2000,9.1000,9.2000,4700
STU,20180719,11.4435,11.4435,11.4435,11.4435,0
STV,20180719,10.6000,10.6000,10.6000,10.6000,0
STW,20180719,10.2000,10.2000,10.2000,10.2000,0
SUM,20180719,8.2751,8.2751,8.2751,8.2751,0
SVC,20180719,31.8846,32.6140,30.5648,31.2594,1050
SVG,20180719,8.8178,8.8178,8.8178,8.8178,0
SVH,20180719,10.0000,10.0000,10.0000,10.0000,0
SVI,20180719,41.0640,41.0640,41.0640,41.0640,0
SVL,20180719,18.5004,18.5004,18.5004,18.5004,0
SVN,20180719,2.0000,2.0000,2.0000,2.0000,500
SVT,20180719,6.4182,6.4182,6.4182,6.4182,60
SWC,20180719,10.1560,10.1560,10.1560,10.1560,100
SZE,20180719,6.1328,6.1328,6.1328,6.1328,0
SZL,20180719,27.7766,27.7766,26.4640,26.6757,13240
T12,20180719,16.8423,16.8423,16.8423,16.8423,0
TA3,20180719,10.0000,10.0000,10.0000,10.0000,0
TA6,20180719,3.6029,3.6029,3.6029,3.6029,0
TA9,20180719,6.8460,6.9752,6.8460,6.9106,8200
TAC,20180719,28.7933,29.4646,28.7933,29.4646,7690
TAG,20180719,34.9000,34.9000,34.9000,34.9000,17700
TAP,20180719,4.0244,4.0244,4.0244,4.0244,0
TAW,20180719,33.6892,33.6892,33.6892,33.6892,0
TB8,20180719,6.1379,6.1379,6.1379,6.1379,0
TBC,20180719,19.8593,19.8593,19.8593,19.8593,1500
TBD,20180719,63.4782,63.4782,63.4782,63.4783,100
TBT,20180719,2.5000,2.5000,2.5000,2.5000,0
TBX,20180719,9.0000,9.0000,9.0000,9.0000,0
TC6,20180719,3.6602,3.7473,3.6602,3.6602,30100
TCB,20180719,28.0000,28.0000,27.5000,27.9000,680430
TCD,20180719,9.3213,9.3213,8.4988,8.4989,40
TCH,20180719,19.6027,20.0092,19.1059,19.7834,1210770
TCJ,20180719,2.8000,2.8000,2.8000,2.8000,0
TCK,20180719,2.8000,2.8000,2.8000,2.8000,0
TCL,20180719,11.6431,11.8807,11.6431,11.8807,5120
TCM,20180719,12.8159,12.9587,12.7088,12.7802,353350
TCO,20180719,9.8115,10.2203,9.8115,10.2203,100
TCR,20180719,2.6800,2.6800,2.6000,2.6500,260
TCT,20180719,56.9990,58.1733,56.9087,57.8120,70
TCW,20180719,10.7288,10.7288,10.2997,10.2997,8141
TDB,20180719,33.4940,33.4940,33.4940,33.4940,0
TDC,20180719,6.1295,6.2058,6.0393,6.1572,36210
TDG,20180719,8.3846,9.0385,8.3846,8.8077,301880
TDH,20180719,8.1914,8.3246,7.8251,8.0915,289420
TDM,20180719,14.5684,14.5684,14.5684,14.5684,1500
TDN,20180719,3.1113,3.1113,3.1113,3.1113,1900
TDS,20180719,8.5846,8.6511,8.5846,8.6511,1400
TDT,20180719,9.7309,9.7309,9.4044,9.4044,23300
TDW,20180719,19.9432,21.5794,19.9432,21.5794,40
TEC,20180719,7.0000,7.0000,7.0000,7.0000,0
TEG,20180719,5.9764,6.3889,5.8922,6.3889,6690
TEL,20180719,10.2000,10.2000,10.2000,10.2000,100
TET,20180719,24.3709,24.3709,24.3709,24.3709,0
TFC,20180719,4.1346,4.1346,4.1346,4.1346,0
TGG,20180719,17.6190,18.1904,17.5238,18.1905,297460
TGP,20180719,6.0909,6.0909,6.0909,6.0909,200
TH1,20180719,5.5000,5.5000,5.5000,5.5000,0
THB,20180719,10.5828,10.5828,10.5828,10.5828,0
THG,20180719,20.2032,20.2032,19.7172,20.0296,5100
THI,20180719,25.8252,29.2458,25.8252,29.2458,29200
THN,20180719,7.6510,7.6510,7.6510,7.6510,0
THR,20180719,4.7155,4.7155,4.7155,4.7155,0
THS,20180719,6.0919,6.0919,6.0919,6.0919,1000
THT,20180719,4.3966,4.6128,4.3966,4.4686,25400
THU,20180719,11.5805,11.5805,11.5805,11.5805,0
THW,20180719,26.5689,26.5689,26.5689,26.5689,0
TIE,20180719,6.1100,6.4400,6.1100,6.4300,3470
TIG,20180719,2.3345,2.4098,2.3345,2.3345,183410
TIP,20180719,11.8342,11.8342,11.8342,11.8342,0
TIS,20180719,11.1000,11.2000,11.1000,11.2000,6700
TIX,20180719,27.2860,27.2860,27.2860,27.2860,0
TJC,20180719,7.3000,7.3000,7.3000,7.3000,0
TKC,20180719,21.1145,21.1145,21.1145,21.1145,0
TKU,20180719,9.1013,9.1013,9.1013,9.1013,0
TL4,20180719,5.3993,5.3993,5.3993,5.3993,0
TLD,20180719,7.9213,8.5165,7.9213,8.2875,1932280
TLG,20180719,61.2159,61.5873,58.8019,58.8020,250
TLH,20180719,6.7465,6.7465,6.4929,6.5605,193500
TLP,20180719,13.0148,13.4796,13.0148,13.4796,200
TLT,20180719,9.1089,9.1089,9.1089,9.1089,100
TMB,20180719,4.5343,4.5343,4.5343,4.5343,0
TMC,20180719,10.8358,10.8358,10.8358,10.8358,0
TMG,20180719,26.0567,26.0567,26.0567,26.0567,0
TMP,20180719,23.7657,24.6198,23.7657,24.6198,2800
TMS,20180719,19.2466,19.2466,18.2505,19.2466,1290
TMT,20180719,6.3000,6.3000,5.9700,6.1000,20420
TMW,20180719,9.5132,9.5132,9.5132,9.5132,0
TMX,20180719,6.0889,6.0889,6.0889,6.0889,0
TNA,20180719,9.4022,9.4022,9.0832,9.1136,6690
TNB,20180719,5.1236,5.1236,5.1236,5.1236,1500
TNC,20180719,10.2270,10.2270,10.2270,10.2270,10
TNG,20180719,7.2298,7.4927,7.2298,7.3613,245700
TNI,20180719,9.2000,9.5300,9.1000,9.4800,1514170
TNM,20180719,4.1000,4.1000,4.1000,4.1000,0
TNP,20180719,7.2892,7.2892,7.2892,7.2892,0
TNS,20180719,2.5000,2.5000,2.4000,2.4000,3600
TNT,20180719,1.6000,1.7500,1.5900,1.7500,163490
TNW,20180719,8.1784,8.1784,8.1784,8.1784,0
TOP,20180719,1.0000,1.0000,1.0000,1.0000,47600
TOT,20180719,7.2041,7.2041,7.2041,7.2041,0
TPB,20180719,17.5292,17.5617,17.3666,17.4966,55150
TPC,20180719,9.5310,9.5310,9.5310,9.5309,4000
TPH,20180719,7.5905,7.5905,7.5905,7.5905,100
TPP,20180719,9.3353,9.3353,9.3353,9.3353,300
TPS,20180719,15.7626,15.7626,15.7626,15.7626,0
TQN,20180719,21.3776,21.3776,21.3776,21.3776,0
TRA,20180719,60.8294,62.7672,60.6609,61.0822,4320
TRC,20180719,19.5007,19.7955,19.3743,19.7955,2760
TRS,20180719,45.5373,45.5373,45.5373,45.5373,0
TRT,20180719,9.0000,9.0000,9.0000,9.0000,0
TS3,20180719,9.1996,9.1996,9.1996,9.1996,0
TS4,20180719,4.8200,5.0900,4.5000,5.0900,56380
TS5,20180719,10.0000,10.0000,10.0000,10.0000,0
TSB,20180719,8.1555,8.1555,8.1555,8.1555,0
TSC,20180719,1.7100,1.7900,1.7000,1.7900,171140
TSD,20180719,10.0000,10.0000,10.0000,10.0000,0
TSG,20180719,5.7358,5.7358,5.7358,5.7358,0
TSJ,20180719,19.2930,19.2930,19.2930,19.2930,0
TST,20180719,4.8037,4.8979,4.8037,4.8979,10000
TTB,20180719,20.7273,21.0909,20.7273,20.9091,305690
TTC,20180719,15.7133,16.4616,15.7133,16.4616,200
TTD,20180719,45.3397,45.3397,45.3397,45.3397,0
TTF,20180719,3.6100,3.8500,3.5500,3.7600,760120
TTG,20180719,10.1254,10.1254,10.1254,10.1254,0
TTH,20180719,3.2000,3.2000,2.9818,2.9818,44300
TTL,20180719,7.5838,7.5838,7.5838,7.5838,100
TTN,20180719,4.9387,4.9387,4.9387,4.9387,0
TTP,20180719,23.0213,23.0213,23.0213,23.0213,0
TTS,20180719,6.0000,6.0000,6.0000,6.0000,0
TTT,20180719,43.4150,46.0199,43.4150,46.0199,1100
TTV,20180719,1.6875,1.6875,1.6875,1.6875,0
TTZ,20180719,9.9048,9.9048,9.0476,9.0476,6400
TUG,20180719,3.0776,3.0776,3.0776,3.0776,0
TV1,20180719,15.6000,15.6000,15.6000,15.6000,0
TV2,20180719,36.9231,36.9556,36.1416,36.1416,15649
TV3,20180719,46.6438,46.6438,38.7815,38.9582,1300
TV4,20180719,14.5863,14.5863,14.3333,14.3333,600
TVA,20180719,8.2054,8.2054,8.2054,8.2054,0
TVB,20180719,9.2632,9.3544,9.1173,9.2267,83570
TVC,20180719,9.4576,9.4576,9.1997,9.3717,125200
TVD,20180719,3.5188,3.7342,3.5188,3.6624,17200
TVG,20180719,0.3375,0.3375,0.3375,0.3375,0
TVM,20180719,3.3014,3.3014,3.3014,3.3014,0
TVN,20180719,9.5000,9.5000,9.5000,9.5000,900
TVP,20180719,29.5536,29.5536,29.5536,29.5536,0
TVS,20180719,9.1242,9.1242,8.7095,8.9464,11340
TVT,20180719,11.9151,11.9766,11.6695,11.9459,6870
TVU,20180719,8.4260,8.4260,8.4260,8.4260,900
TVW,20180719,16.7550,16.7550,16.7550,16.7550,0
TW3,20180719,11.2000,11.2000,11.2000,11.2000,0
TXM,20180719,9.0358,9.0358,9.0358,9.0358,100
TYA,20180719,7.2076,7.4456,6.7996,7.2756,16580
UCT,20180719,10.0000,10.0000,10.0000,10.0000,0
UDC,20180719,2.9444,3.0916,2.6990,2.6990,15760
UDJ,20180719,5.2412,5.3756,5.2412,5.3756,1600
UEM,20180719,33.1025,33.1025,33.1025,33.1025,0
UIC,20180719,18.9827,19.7392,18.8747,19.3429,6710
UMC,20180719,9.1557,9.1557,9.1557,9.1557,0
UNI,20180719,7.0000,7.3000,6.8000,6.8000,300
UPC,20180719,8.4474,8.4474,8.4474,8.4474,0
UPH,20180719,24.3302,24.3302,24.3302,24.3302,0
USC,20180719,6.9579,6.9579,6.9579,6.9579,0
USDCAD,20180719,0.0000,0.0000,0.0000,1.3300,145247
USDCHF,20180719,0.0000,0.0000,0.0000,1.0000,130786
USDJPY,20180719,0.0000,0.0000,0.0000,112.4500,186614
USOIL,20180719,0.0000,0.0000,0.0000,67.8100,36333
V11,20180719,0.4000,0.4000,0.4000,0.4000,0
V12,20180719,9.2711,9.2711,9.2711,9.2711,0
V15,20180719,0.4000,0.4000,0.4000,0.4000,0
V21,20180719,15.8000,15.8000,15.8000,15.8000,0
VAF,20180719,9.2914,9.2914,9.0260,9.0260,80
VAT,20180719,2.1000,2.2000,2.1000,2.2000,255260
VAV,20180719,27.4504,27.4504,27.4504,27.4504,0
VBC,20180719,14.3470,14.3470,14.3470,14.3470,8100
VBG,20180719,9.1034,9.1034,9.1034,9.1034,0
VBH,20180719,14.4000,14.4000,14.4000,14.4000,0
VC1,20180719,12.6793,12.6793,12.6793,12.6793,0
VC2,20180719,11.0429,11.0429,11.0429,11.0429,0
VC3,20180719,12.8205,12.8205,12.4320,12.4320,252100
VC5,20180719,1.1000,1.1000,1.1000,1.1000,0
VC6,20180719,5.8790,5.8790,5.8790,5.8790,0
VC7,20180719,11.0563,11.0563,11.0563,11.0563,101
VC9,20180719,10.4650,10.4650,10.4650,10.4650,0
VCA,20180719,8.5369,8.5369,8.4732,8.4732,7000
VCB,20180719,56.0034,56.1005,55.0328,55.1299,1704000
VCC,20180719,9.6378,9.6378,9.6378,9.6378,0
VCE,20180719,8.0000,8.0000,8.0000,8.0000,0
VCF,20180719,128.2859,136.6264,128.2859,135.8321,70
VCG,20180719,16.0041,16.3807,15.6276,16.3807,1219070
VCI,20180719,23.3605,24.9893,23.3605,24.9893,184080
VCM,20180719,13.5936,13.5936,13.5936,13.5936,0
VCP,20180719,18.8373,18.8373,18.5633,18.5633,1100
VCR,20180719,3.5000,3.5000,3.5000,3.5000,4700
VCS,20180719,79.6591,79.6591,76.8715,76.8715,192182
VCT,20180719,6.5000,6.5000,6.5000,6.5000,0
VCW,20180719,28.6770,28.6770,28.6770,28.6770,0
VCX,20180719,1.8000,1.8000,1.8000,1.8000,0
VDL,20180719,27.5334,27.5334,27.5334,27.5335,12800
VDM,20180719,19.6000,19.6000,19.6000,19.6000,0
VDN,20180719,7.0476,7.0476,7.0476,7.0476,0
VDP,20180719,25.4259,25.4259,25.4259,25.4259,10
VDS,20180719,6.4466,6.8334,6.4466,6.7904,23780
VDT,20180719,10.3174,10.3174,10.3174,10.3174,0
VE1,20180719,12.0000,12.4000,12.0000,12.4000,400
VE2,20180719,9.9189,9.9189,9.9189,9.9189,0
VE3,20180719,9.7000,10.4000,9.7000,10.4000,6400
VE4,20180719,6.9407,8.0975,6.9407,8.0975,300
VE8,20180719,6.9000,6.9000,6.9000,6.9000,0
VE9,20180719,4.1000,4.1000,4.0000,4.0000,17200
VEA,20180719,18.4967,18.6604,18.4149,18.6604,96700
VEC,20180719,5.3215,5.3215,5.3215,5.3215,0
VEF,20180719,48.0000,49.5000,48.0000,48.7000,3800
VES,20180719,1.3000,1.3000,1.3000,1.3000,0
VET,20180719,41.6675,41.6675,41.6675,41.6676,200
VFC,20180719,9.0000,9.0000,9.0000,9.0000,0
VFG,20180719,31.1932,31.1932,29.5515,30.7828,1030
VFR,20180719,6.8000,6.8000,6.8000,6.8000,100
VGC,20180719,14.9098,14.9098,14.4155,14.4155,2181410
VGG,20180719,40.8040,40.8040,40.8040,40.8040,4800
VGL,20180719,9.7383,9.7383,9.7383,9.7383,0
VGP,20180719,17.5252,17.5252,17.5252,17.5252,0
VGR,20180719,18.6424,18.6424,18.6424,18.6424,0
VGS,20180719,8.0515,8.0515,7.8967,7.9741,13600
VGT,20180719,7.6511,7.9911,7.6511,7.9061,888960
VGV,20180719,9.0671,9.0671,9.0671,9.0671,0
VHC,20180719,29.5565,29.5565,29.0024,29.0947,101840
VHD,20180719,6.5184,6.5184,6.5184,6.5184,0
VHF,20180719,21.6030,21.6030,21.6030,21.6030,0
VHG,20180719,1.1200,1.1700,1.1100,1.1600,134550
VHH,20180719,5.4000,5.4000,5.4000,5.4000,0
VHL,20180719,27.7340,27.7340,27.7340,27.7341,600
VHM,20180719,85.3755,85.3755,84.1897,84.1897,359780
VIB,20180719,9.4246,9.8389,9.4246,9.6663,121080
VIC,20180719,105.0000,105.0000,103.0000,105.0000,2857260
VID,20180719,4.6496,4.8868,4.5706,4.8796,5030
VIE,20180719,10.0000,10.0000,10.0000,10.0000,0
VIF,20180719,13.7360,13.7360,13.7360,13.7360,0
VIG,20180719,1.7000,1.7000,1.6000,1.7000,11623
VIH,20180719,8.3472,8.3472,8.3472,8.3472,100
VIM,20180719,6.6845,6.6845,5.7847,5.7847,7100
VIN,20180719,9.5824,9.5824,9.5824,9.5824,0
VIP,20180719,5.5911,5.5993,5.5503,5.5502,24770
VIR,20180719,8.2375,8.2375,8.2375,8.2375,0
VIS,20180719,29.8000,30.0000,29.7000,29.7000,20970
VIT,20180719,4.5203,4.5203,4.4751,4.4751,1600
VIW,20180719,7.0000,7.0000,7.0000,7.0000,0
VIX,20180719,4.6640,5.0593,4.6640,5.0593,355500
VJC,20180719,132.8545,140.1865,132.4635,136.8627,1193840
VKC,20180719,6.1000,6.1000,6.1000,6.1000,100
VKD,20180719,22.9000,22.9000,22.9000,22.9000,0
VKP,20180719,0.5000,0.5000,0.5000,0.5000,0
VLA,20180719,11.8337,11.8337,11.8337,11.8337,0
VLB,20180719,19.1124,19.1124,19.1124,19.1124,0
VLC,20180719,19.3426,19.3426,19.3426,19.3426,0
VLF,20180719,0.6000,0.6000,0.6000,0.6000,0
VLG,20180719,4.5384,4.5384,4.5384,4.5384,0
VLP,20180719,1.9516,1.9516,1.9516,1.9516,0
VLW,20180719,12.4981,12.4981,12.4981,12.4981,0
VMA,20180719,7.9098,7.9098,7.9098,7.9098,0
VMC,20180719,18.1167,18.1167,17.9636,17.9636,2330
VMD,20180719,14.1794,14.1794,14.1794,14.1794,10
VMG,20180719,2.7000,2.7000,2.7000,2.7000,300
VMI,20180719,2.3000,2.5000,2.2000,2.3000,26300
VMS,20180719,10.3726,10.3726,10.3726,10.3726,0
VN30F1M,20180719,934.1000,942.5000,933.0000,941.0000,64497
VN30F1Q,20180719,937.0000,943.7000,936.0000,940.8000,210
VN30F2M,20180719,936.7000,942.3000,935.3000,938.0000,31892
VN30F2Q,20180719,935.8000,944.0000,935.0000,940.0000,266
VNA,20180719,1.1000,1.1000,1.1000,1.1000,500
VNB,20180719,16.2000,18.7000,16.2000,18.7000,600
VNC,20180719,37.0427,37.0427,37.0427,37.0427,520
VND,20180719,17.0956,17.2794,16.7280,16.9118,1571100
VND-X,20180719,23016.1992,23016.1992,23016.1992,23016.1992,0
VNE,20180719,5.7486,5.7486,5.6377,5.6377,71230
VNF,20180719,26.9982,26.9982,26.9982,26.9982,0
VNG,20180719,14.9341,15.1293,14.8365,14.9341,145310
VNH,20180719,1.0000,1.0000,1.0000,1.0000,0
VNI,20180719,8.6000,8.6000,8.6000,8.6000,0
VNL,20180719,12.4224,12.4224,12.3860,12.3860,700
VNM,20180719,105.3471,107.8406,105.3471,106.2822,970590
VNP,20180719,5.8000,5.8000,5.8000,5.8000,8410
VNR,20180719,18.5881,18.5881,18.1822,18.1822,900
VNS,20180719,12.1372,12.3849,12.1372,12.3436,128590
VNT,20180719,25.6333,25.6333,25.6333,25.6333,0
VNX,20180719,0.4138,0.4138,0.4138,0.4138,0
VOC,20180719,12.1657,12.1657,12.1657,12.1657,1800
VOS,20180719,1.5500,1.5600,1.5200,1.5600,82990
VPA,20180719,5.7000,5.7000,5.7000,5.7000,0
VPB,20180719,30.0500,30.4000,29.7000,29.7000,5423550
VPC,20180719,0.8000,0.8000,0.8000,0.8000,0
VPD,20180719,11.8971,11.9368,11.8971,11.8971,12880
VPG,20180719,10.1695,10.1695,9.9302,10.1695,47590
VPH,20180719,5.4926,5.4926,5.3835,5.4562,60250
VPI,20180719,32.1494,32.3419,31.8414,32.0724,176810
VPR,20180719,15.7273,15.7273,15.7273,15.7273,0
VPS,20180719,11.4269,12.2828,11.4269,12.2828,20
VPW,20180719,10.6596,10.6596,10.6596,10.6596,0
VQC,20180719,7.0464,7.0464,7.0464,7.0464,0
VRC,20180719,17.7500,18.6000,17.7500,18.4500,584770
VRE,20180719,34.0169,34.0962,32.6689,34.0962,1913300
VRG,20180719,4.0066,4.0066,4.0066,4.0066,5000
VSA,20180719,17.1249,17.3372,17.1249,17.1249,10750
VSC,20180719,26.1575,26.1575,25.3544,26.1575,84900
VSF,20180719,10.5000,10.5000,10.5000,10.5000,0
VSG,20180719,1.4000,1.4000,1.4000,1.4000,0
VSH,20180719,16.2716,16.2716,15.9424,15.9895,11280
VSI,20180719,23.6360,23.6360,22.2212,22.2212,7700
VSM,20180719,7.5184,7.5184,7.5184,7.5184,100
VSN,20180719,41.4903,41.4903,41.4903,41.4903,0
VSP,20180719,1.1000,1.1000,1.1000,1.1000,0
VST,20180719,0.8000,0.8000,0.8000,0.8000,0
VTA,20180719,7.8000,7.8000,7.8000,7.8000,0
VTB,20180719,12.5552,12.8992,12.5552,12.8991,20
VTC,20180719,7.1813,7.3325,6.8034,7.3325,1204
VTE,20180719,1.9320,1.9320,1.9320,1.9320,0
VTG,20180719,7.3000,7.3000,7.3000,7.3000,0
VTH,20180719,11.1000,11.1000,11.1000,11.1000,0
VTI,20180719,2.8000,2.8000,2.8000,2.8000,0
VTJ,20180719,6.0501,6.0501,6.0501,6.0501,0
VTL,20180719,17.0997,17.0997,17.0997,17.0997,0
VTM,20180719,21.8000,21.8000,21.8000,21.8000,0
VTO,20180719,5.3266,5.3996,5.3266,5.3485,43400
VTS,20180719,12.8000,12.8000,12.8000,12.8000,0
VTV,20180719,10.7891,10.7891,10.7891,10.7891,0
VTX,20180719,10.1428,10.1428,10.1428,10.1428,0
VVN,20180719,4.4000,4.4000,4.4000,4.4000,0
VWS,20180719,17.9504,17.9504,17.9504,17.9504,0
VXB,20180719,17.0000,17.0000,17.0000,17.0000,0
WCS,20180719,75.9304,75.9304,75.9304,75.9304,20
WSB,20180719,36.3902,36.3902,36.3902,36.3902,68
WSS,20180719,2.7000,2.8000,2.7000,2.7000,27600
WTC,20180719,1.9556,1.9556,1.9556,1.9556,0
X20,20180719,11.6141,11.6141,11.6141,11.6141,100
X26,20180719,15.3900,15.3900,15.3900,15.3900,0
X77,20180719,0.3000,0.3000,0.3000,0.3000,0
XAGUSD,20180719,0.0000,0.0000,0.0000,15.2900,55069
XAUUSD,20180719,0.0000,0.0000,0.0000,1222.6600,242796
XHC,20180719,13.9127,13.9127,13.9127,13.9127,0
XLV,20180719,8.1691,8.1691,8.1691,8.1691,0
XMD,20180719,1.9000,1.9000,1.9000,1.9000,0
XPH,20180719,6.6000,6.6000,6.6000,6.6000,100
XRP-USD,20180719,0.4876,0.4912,0.4717,0.4764,293942016
YBC,20180719,11.7000,11.7000,11.7000,11.7000,0
YEG,20180719,228.0000,244.9000,228.0000,244.9000,4450
YRC,20180719,6.2797,6.2797,6.2797,6.2797,0
YTC,20180719,37.3441,37.3441,37.3441,37.3441,0
ZAR-X,20180719,13.2678,13.2678,13.2678,13.2678,0
^AEX,20180719,568.2800,570.7100,567.1900,570.2100,77795500
^AORD,20180719,6329.1001,6363.7002,6329.1001,6355.0000,714676200
^ATX,20180719,3312.3501,3313.7500,3289.3401,3302.0701,3052500
^BDS,20180719,776.7700,780.1800,761.3600,775.2700,58620557
^BFX,20180719,3820.5300,3829.4500,3804.1001,3809.4299,20592900
^BSESN,20180719,36509.0781,36515.5781,36279.3281,36351.2305,9400
^CAOSU,20180719,248.0900,254.2500,243.3700,252.8200,5713781
^CK,20180719,587.5600,603.1600,580.0400,594.8800,9787638
^CONGNGHE,20180719,722.2000,748.7800,721.0700,743.8200,1334129
^DAUKHI,20180719,517.6900,530.3900,511.7800,520.8900,9970786
^DICHVU,20180719,988.4700,1014.7500,981.3000,995.8000,625375
^DJI,20180719,25139.1504,25154.1699,25052.6191,25064.5000,285760000
^DTPT,20180719,561.9600,585.7800,558.0700,582.9600,5725110
^DTXD,20180719,463.4500,475.8100,458.1900,471.2600,9124220
^DUOCPHAM,20180719,928.1600,943.9800,919.5600,934.7200,2017592
^FCHI,20180719,5437.7100,5444.1899,5409.7700,5417.0698,73346300
^FTSE,20180719,7676.2998,7702.8999,7660.0000,7684.0000,695398600
^GDAXI,20180719,12740.6797,12759.4199,12658.3701,12686.2900,75493900
^GIAODUC,20180719,1115.7300,1177.3900,1112.3600,1170.1400,347995
^GSPC,20180719,2809.3701,2812.0500,2799.7700,2804.4900,3266700000
^HASTC,20180719,106.9200,107.1400,105.1500,105.5800,42742697
^HK,20180719,3638.9199,3702.2600,3622.8799,3674.9099,1675539
^HNX30,20180719,191.2800,192.3400,188.2200,188.7800,23511800
^HSI,20180719,28251.1602,28329.9805,27998.3594,28010.8594,1495109900
^IXIC,20180719,7829.7998,7849.8501,7811.1499,7825.2998,1853030000
^JKSE,20180719,5902.0298,5920.9302,5857.1401,5871.0801,59661500
^KHOANGSAN,20180719,79.9000,81.0500,78.3700,79.0200,2146395
^KLSE,20180719,1754.1899,1764.1500,1754.1801,1759.2400,148241800
^KS11,20180719,2298.9099,2300.1799,2278.9399,2282.2900,464500
^LARGECAP,20180719,822.4600,830.2800,809.7100,819.4200,50794060
^MIDCAP,20180719,531.3000,539.8800,518.3300,531.5400,22757322
^N225,20180719,22871.6191,22926.4707,22761.8691,22764.6797,62400
^NANGLUONG,20180719,1260.3199,1325.6700,1248.9500,1308.5500,4959022
^NGANHANG,20180719,619.3500,626.1000,609.4200,614.3300,43403749
^NHUA,20180719,1208.0699,1216.5400,1184.2200,1197.5900,2871040
^NYA,20180719,12786.3701,12815.0000,12751.7998,12786.4805,3266700000
^NZ50,20180719,8946.0996,8956.7695,8917.5898,8917.5898,19535600
^OMXSPI,20180719,586.3700,586.3700,586.3700,586.3700,0
^OSEAX,20180719,993.9600,993.9600,993.9600,993.9600,0
^PHANBON,20180719,388.7400,391.1100,384.1600,386.8700,1095070
^SMALLCAP,20180719,325.9600,329.5300,321.4600,325.7600,4843533
^SSMI,20180719,8933.9697,8933.9697,8933.9697,8933.9697,0
^STI,20180719,3255.9500,3283.9199,3249.7300,3277.5801,176152000
^SXKD,20180719,1008.4600,1023.2300,994.4200,1009.1500,3192551
^THEP,20180719,915.5500,921.1300,905.5600,908.6100,8094749
^THUCPHAM,20180719,903.1800,915.7000,891.0200,903.9000,16225711
^THUONGMAI,20180719,983.2900,995.3800,963.9000,982.7400,2355088
^THUYSAN,20180719,651.6000,662.6200,643.2100,652.7600,1349990
^TWII,20180719,10868.5596,10896.2500,10826.1396,10835.3799,1991100
^UPCOM,20180719,50.1400,50.8900,50.1300,50.5800,16229555
^VANTAI,20180719,609.5600,615.0700,598.1900,606.1400,1912802
^VLXD,20180719,1073.7300,1078.8000,1039.9700,1048.9399,4273213
^VN30,20180719,935.5400,946.3900,934.2000,941.0900,56923927
^VNINDEX,20180719,943.9100,947.0700,939.5800,943.9700,166922920
^XAYDUNG,20180719,997.7500,1011.0100,984.9400,1004.4000,11051170
